2158.0000
4337.0000
6530.0000
8766.0000
11009.0000
13019.0000
15041.0000
17053.0000
19067.0000
21078.0000
23087.0000
25091.0000
27107.0000
29119.0000
31131.0000
33150.0000
35169.0000
37185.0000
39205.0000
41222.0000
43230.0000
45249.0000
47265.0000
49280.0000
51301.0000
53317.0000
55334.0000
57351.0000
59375.0000
61398.0000
63417.0000
65433.0000
67456.0000
69476.0000
71500.0000
73522.0000
75538.0000
77561.0000
79581.0000
81601.0000
83621.0000
85645.0000
87664.0000
89683.0000
91709.0000
93733.0000
95753.0000
97773.0000
99796.0000
101816.0000
103838.0000
105859.0000
107884.0000
109908.0000
111929.0000
113954.0000
115977.0000
117991.0000
120012.0000
122032.0000
124057.0000
126080.0000
128098.0000
130118.0000
132142.0000
134162.0000
136187.0000
138214.0000
140234.0000
142258.0000
144279.0000
146303.0000
148320.0000
150342.0000
152365.0000
154379.0000
156400.0000
158422.0000
160448.0000
162475.0000
164495.0000
166519.0000
168542.0000
170564.0000
172594.0000
174618.0000
176647.0000
178673.0000
180698.0000
182721.0000
184741.0000
186765.0000
188787.0000
190811.0000
192837.0000
194860.0000
196886.0000
198913.0000
200934.0000
202960.0000
204982.0000
207010.0000
209031.0000
211046.0000
213075.0000
215094.0000
217121.0000
219145.0000
221167.0000
223191.0000
225208.0000
227233.0000
229253.0000
231276.0000
233299.0000
235326.0000
237341.0000
239363.0000
241383.0000
243408.0000
245435.0000
247453.0000
249477.0000
251501.0000
253525.0000
255550.0000
257572.0000
259599.0000
261625.0000
263644.0000
265667.0000
267692.0000
269716.0000
271743.0000
273766.0000
275789.0000
277810.0000
279836.0000
281859.0000
283881.0000
285907.0000
287932.0000
289953.0000
291976.0000
294007.0000
296033.0000
298062.0000
300090.0000
302118.0000
304148.0000
306175.0000
308207.0000
310228.0000
312257.0000
314288.0000
316314.0000
318344.0000
320374.0000
322405.0000
324435.0000
326458.0000
328489.0000
330520.0000
332552.0000
334583.0000
336610.0000
338634.0000
340661.0000
342693.0000
344718.0000
346748.0000
348776.0000
350805.0000
352832.0000
354864.0000
356895.0000
358924.0000
360943.0000
362971.0000
364997.0000
367025.0000
369052.0000
371082.0000
373106.0000
375136.0000
377160.0000
379189.0000
381219.0000
383243.0000
385274.0000
387302.0000
389331.0000
391358.0000
393385.0000
395417.0000
397444.0000
399475.0000
401505.0000
403532.0000
405563.0000
407590.0000
409617.0000
411646.0000
413674.0000
415704.0000
417732.0000
419759.0000
421778.0000
423805.0000
425827.0000
427857.0000
429881.0000
431908.0000
433935.0000
435962.0000
437993.0000
440019.0000
442048.0000
444075.0000
446103.0000
448130.0000
450161.0000
452191.0000
454222.0000
456248.0000
458279.0000
460300.0000
462325.0000
464357.0000
466383.0000
468410.0000
470434.0000
472461.0000
474493.0000
476522.0000
478544.0000
480576.0000
482606.0000
484633.0000
486665.0000
488694.0000
490722.0000
492752.0000
494781.0000
496808.0000
498835.0000
500867.0000
502900.0000
504926.0000
506955.0000
508978.0000
511007.0000
513036.0000
515066.0000
517089.0000
519118.0000
521150.0000
523179.0000
525211.0000
527241.0000
529272.0000
531297.0000
533328.0000
535355.0000
537380.0000
539404.0000
541429.0000
543452.0000
545474.0000
547499.0000
549525.0000
551555.0000
553581.0000
555612.0000
557640.0000
559665.0000
561693.0000
563720.0000
565742.0000
567774.0000
569804.0000
571836.0000
573860.0000
575888.0000
577914.0000
579944.0000
581972.0000
583993.0000
586017.0000
588051.0000
590074.0000
592101.0000
594129.0000
596158.0000
598187.0000
600212.0000
602245.0000
604275.0000
606298.0000
608330.0000
610360.0000
612391.0000
614416.0000
616439.0000
618466.0000
620495.0000
622523.0000
624548.0000
626576.0000
628607.0000
630638.0000
632661.0000
634692.0000
636725.0000
638755.0000
640781.0000
642811.0000
644842.0000
646870.0000
648895.0000
650923.0000
652955.0000
654977.0000
657007.0000
659035.0000
661062.0000
663085.0000
665113.0000
667139.0000
669167.0000
671196.0000
673222.0000
675248.0000
677278.0000
679307.0000
681338.0000
683364.0000
685386.0000
687418.0000
689448.0000
691476.0000
693499.0000
695531.0000
697562.0000
699592.0000
701613.0000
703637.0000
705667.0000
707695.0000
709721.0000
711752.0000
713778.0000
715810.0000
717838.0000
719866.0000
721897.0000
723925.0000
725954.0000
727978.0000
730006.0000
732033.0000
734063.0000
736090.0000
738116.0000
740144.0000
742171.0000
744198.0000
746229.0000
748255.0000
750283.0000
752306.0000
754337.0000
756366.0000
758390.0000
760415.0000
762438.0000
764468.0000
766489.0000
768514.0000
770545.0000
772572.0000
774599.0000
776629.0000
778655.0000
780686.0000
782714.0000
784742.0000
786763.0000
788794.0000
790823.0000
792852.0000
794879.0000
796908.0000
798932.0000
800962.0000
802993.0000
805023.0000
807043.0000
809071.0000
811102.0000
813133.0000
815162.0000
817190.0000
819220.0000
821251.0000
823273.0000
825299.0000
827328.0000
829355.0000
831387.0000
833414.0000
835437.0000
837464.0000
839490.0000
841521.0000
843552.0000
845574.0000
847604.0000
849635.0000
851662.0000
853693.0000
855724.0000
857748.0000
859777.0000
861802.0000
863827.0000
865860.0000
867886.0000
869911.0000
871936.0000
873965.0000
875993.0000
878020.0000
880048.0000
882076.0000
884098.0000
886124.0000
888152.0000
890177.0000
892203.0000
894233.0000
896263.0000
898291.0000
900322.0000
902339.0000
904368.0000
906399.0000
908423.0000
910450.0000
912476.0000
914502.0000
916532.0000
918559.0000
920586.0000
922617.0000
924643.0000
926671.0000
928701.0000
930731.0000
932761.0000
934788.0000
936814.0000
938837.0000
940868.0000
942896.0000
944918.0000
946951.0000
948982.0000
951001.0000
953027.0000
955059.0000
957089.0000
959114.0000
961144.0000
963173.0000
965197.0000
967225.0000
969257.0000
971284.0000
973309.0000
975336.0000
977368.0000
979398.0000
981429.0000
983453.0000
985481.0000
987512.0000
989540.0000
991564.0000
993591.0000
995617.0000
997640.0000
999672.0000
1001697.0000
1003728.0000
1005758.0000
1007789.0000
1009816.0000
1011845.0000
1013871.0000
1015894.0000
1017921.0000
1019950.0000
1021978.0000
1024006.0000
1026037.0000
1028062.0000
1030090.0000
1032113.0000
1034139.0000
1036167.0000
1038193.0000
1040224.0000
1042251.0000
1044276.0000
1046307.0000
1048331.0000
1050362.0000
1052387.0000
1054419.0000
1056447.0000
1058475.0000
1060502.0000
1062532.0000
1064555.0000
1066580.0000
1068606.0000
1070638.0000
1072664.0000
1074692.0000
1076716.0000
1078744.0000
1080770.0000
1082801.0000
1084830.0000
1086857.0000
1088883.0000
1090907.0000
1092932.0000
1094956.0000
1096985.0000
1099008.0000
1101032.0000
1103056.0000
1105088.0000
1107113.0000
1109142.0000
1111166.0000
1113188.0000
1115215.0000
1117243.0000
1119265.0000
1121291.0000
1123319.0000
1125343.0000
1127372.0000
1129402.0000
1131425.0000
1133458.0000
1135486.0000
1137518.0000
1139549.0000
1141576.0000
1143607.0000
1145631.0000
1147657.0000
1149688.0000
1151712.0000
1153739.0000
1155766.0000
1157797.0000
1159826.0000
1161854.0000
1163881.0000
1165912.0000
1167938.0000
1169966.0000
1171999.0000
1174027.0000
1176056.0000
1178084.0000
1180109.0000
1182130.0000
1184156.0000
1186173.0000
1188200.0000
1190227.0000
1192254.0000
1194281.0000
1196307.0000
1198330.0000
1200349.0000
1202374.0000
1204407.0000
1206438.0000
1208470.0000
1210498.0000
1212522.0000
1214551.0000
1216579.0000
1218607.0000
1220631.0000
1222654.0000
1224687.0000
1226716.0000
1228742.0000
1230767.0000
1232794.0000
1234825.0000
1236849.0000
1238874.0000
1240908.0000
1242936.0000
1244965.0000
1246993.0000
1249017.0000
1251046.0000
1253073.0000
1255101.0000
1257131.0000
1259162.0000
1261190.0000
1263215.0000
1265239.0000
1267273.0000
1269302.0000
1271337.0000
1273364.0000
1275391.0000
1277423.0000
1279447.0000
1281477.0000
1283507.0000
1285534.0000
1287564.0000
1289596.0000
1291624.0000
1293651.0000
1295682.0000
1297711.0000
1299742.0000
1301771.0000
1303801.0000
1305824.0000
1307850.0000
1309881.0000
1311909.0000
1313939.0000
1315967.0000
1317996.0000
1320024.0000
1322053.0000
1324080.0000
1326114.0000
1328143.0000
1330170.0000
1332200.0000
1334225.0000
1336256.0000
1338284.0000
1340308.0000
1342339.0000
1344369.0000
1346400.0000
1348430.0000
1350456.0000
1352487.0000
1354517.0000
1356549.0000
1358574.0000
1360605.0000
1362631.0000
1364663.0000
1366694.0000
1368725.0000
1370749.0000
1372783.0000
1374818.0000
1376849.0000
1378878.0000
1380908.0000
1382935.0000
1384965.0000
1386999.0000
1389023.0000
1391046.0000
1393079.0000
1395103.0000
1397133.0000
1399159.0000
1401186.0000
1403215.0000
1405242.0000
1407270.0000
1409296.0000
1411323.0000
1413356.0000
1415389.0000
1417419.0000
1419446.0000
1421473.0000
1423504.0000
1425531.0000
1427558.0000
1429590.0000
1431620.0000
1433650.0000
1435678.0000
1437710.0000
1439734.0000
1441764.0000
1443790.0000
1445823.0000
1447854.0000
1449888.0000
1451918.0000
1453942.0000
1455973.0000
1458007.0000
1460037.0000
1462063.0000
1464094.0000
1466122.0000
1468150.0000
1470182.0000
1472212.0000
1474243.0000
1476273.0000
1478305.0000
1480338.0000
1482370.0000
1484396.0000
1486423.0000
1488449.0000
1490480.0000
1492506.0000
1494538.0000
1496571.0000
1498595.0000
1500621.0000
1502645.0000
1504670.0000
1506697.0000
1508722.0000
1510749.0000
1512777.0000
1514806.0000
1516834.0000
1518864.0000
1520895.0000
1522926.0000
1524950.0000
1526981.0000
1529010.0000
1531037.0000
1533067.0000
1535093.0000
1537120.0000
1539151.0000
1541176.0000
1543206.0000
1545234.0000
1547261.0000
1549290.0000
1551318.0000
1553346.0000
1555376.0000
1557400.0000
1559428.0000
1561458.0000
1563487.0000
1565515.0000
1567547.0000
1569571.0000
1571591.0000
1573623.0000
1575652.0000
1577684.0000
1579707.0000
1581734.0000
1583762.0000
1585792.0000
1587822.0000
1589843.0000
1591875.0000
1593903.0000
1595927.0000
1597957.0000
1599982.0000
1602009.0000
1604034.0000
1606053.0000
1608082.0000
1610116.0000
1612145.0000
1614167.0000
1616198.0000
1618227.0000
1620258.0000
1622282.0000
1624312.0000
1626339.0000
1628362.0000
1630388.0000
1632420.0000
1634451.0000
1636475.0000
1638506.0000
1640538.0000
1642572.0000
1644604.0000
1646633.0000
1648663.0000
1650693.0000
1652722.0000
1654749.0000
1656783.0000
1658814.0000
1660842.0000
1662872.0000
1664903.0000
1666936.0000
1668958.0000
1670986.0000
1673011.0000
1675037.0000
1677065.0000
1679096.0000
1681120.0000
1683153.0000
1685185.0000
1687215.0000
1689247.0000
1691278.0000
1693307.0000
1695337.0000
1697367.0000
1699394.0000
1701416.0000
1703446.0000
1705478.0000
1707509.0000
1709537.0000
1711563.0000
1713594.0000
1715624.0000
1717653.0000
1719678.0000
1721710.0000
1723734.0000
1725763.0000
1727788.0000
1729816.0000
1731845.0000
1733874.0000
1735904.0000
1737929.0000
1739959.0000
1741990.0000
1744019.0000
1746046.0000
1748078.0000
1750107.0000
1752136.0000
1754162.0000
1756194.0000
1758220.0000
1760250.0000
1762278.0000
1764309.0000
1766336.0000
1768360.0000
1770392.0000
1772419.0000
1774444.0000
1776475.0000
1778503.0000
1780536.0000
1782566.0000
1784595.0000
1786623.0000
1788652.0000
1790680.0000
1792712.0000
1794744.0000
1796766.0000
1798792.0000
1800823.0000
1802851.0000
1804875.0000
1806903.0000
1808933.0000
1810966.0000
1812991.0000
1815021.0000
1817047.0000
1819075.0000
1821107.0000
1823132.0000
1825162.0000
1827195.0000
1829221.0000
1831250.0000
1833278.0000
1835306.0000
1837336.0000
1839365.0000
1841388.0000
1843419.0000
1845447.0000
1847477.0000
1849506.0000
1851530.0000
1853558.0000
1855586.0000
1857616.0000
1859642.0000
1861670.0000
1863689.0000
1865720.0000
1867751.0000
1869777.0000
1871806.0000
1873832.0000
1875861.0000
1877887.0000
1879916.0000
1881943.0000
1883970.0000
1885998.0000
1888026.0000
1890058.0000
1892087.0000
1894116.0000
1896146.0000
1898178.0000
1900207.0000
1902237.0000
1904264.0000
1906294.0000
1908320.0000
1910352.0000
1912381.0000
1914413.0000
1916438.0000
1918465.0000
1920496.0000
1922524.0000
1924552.0000
1926581.0000
1928609.0000
1930636.0000
1932667.0000
1934689.0000
1936720.0000
1938745.0000
1940777.0000
1942803.0000
1944828.0000
1946853.0000
1948883.0000
1950914.0000
1952943.0000
1954973.0000
1957000.0000
1959027.0000
1961055.0000
1963078.0000
1965108.0000
1967135.0000
1969162.0000
1971195.0000
1973224.0000
1975250.0000
1977283.0000
1979314.0000
1981338.0000
1983367.0000
1985398.0000
1987420.0000
1989447.0000
1991476.0000
1993508.0000
1995533.0000
1997564.0000
1999596.0000
