2180.0000
4373.0000
6578.0000
8791.0000
11027.0000
13036.0000
15272.0000
17519.0000
19530.0000
21540.0000
23548.0000
25563.0000
27579.0000
29597.0000
31617.0000
33633.0000
35653.0000
37669.0000
39689.0000
41710.0000
43736.0000
45752.0000
47776.0000
49792.0000
51807.0000
53820.0000
55845.0000
57868.0000
59892.0000
61923.0000
63943.0000
65965.0000
67992.0000
70017.0000
72041.0000
74063.0000
76090.0000
78112.0000
80142.0000
82169.0000
84199.0000
86222.0000
88249.0000
90268.0000
92295.0000
94320.0000
96342.0000
98368.0000
100396.0000
102424.0000
104449.0000
106476.0000
108495.0000
110522.0000
112545.0000
114574.0000
116601.0000
118627.0000
120650.0000
122676.0000
124703.0000
126731.0000
128761.0000
130785.0000
132816.0000
134849.0000
136880.0000
138912.0000
140948.0000
142981.0000
145018.0000
147048.0000
149079.0000
151121.0000
153150.0000
155186.0000
157218.0000
159249.0000
161281.0000
163310.0000
165343.0000
167377.0000
169410.0000
171445.0000
173479.0000
175516.0000
177547.0000
179577.0000
181608.0000
183636.0000
185669.0000
187703.0000
189734.0000
191764.0000
193799.0000
195833.0000
197860.0000
199892.0000
201925.0000
203957.0000
205989.0000
208022.0000
210054.0000
212087.0000
214120.0000
216149.0000
218180.0000
220207.0000
222236.0000
224260.0000
226289.0000
228328.0000
230363.0000
232392.0000
234427.0000
236460.0000
238489.0000
240519.0000
242548.0000
244580.0000
246614.0000
248644.0000
250674.0000
252704.0000
254735.0000
256762.0000
258796.0000
260816.0000
262845.0000
264881.0000
266908.0000
268938.0000
270968.0000
273000.0000
275032.0000
277059.0000
279090.0000
281119.0000
283138.0000
285170.0000
287203.0000
289229.0000
291255.0000
293285.0000
295317.0000
297351.0000
299384.0000
301413.0000
303441.0000
305468.0000
307496.0000
309521.0000
311554.0000
313585.0000
315616.0000
317640.0000
319672.0000
321704.0000
323735.0000
325766.0000
327798.0000
329828.0000
331857.0000
333887.0000
335922.0000
337954.0000
339985.0000
342010.0000
344044.0000
346071.0000
348102.0000
350136.0000
352166.0000
354194.0000
356229.0000
358251.0000
360282.0000
362311.0000
364338.0000
366366.0000
368397.0000
370432.0000
372464.0000
374494.0000
376523.0000
378550.0000
380583.0000
382613.0000
384639.0000
386670.0000
388699.0000
390730.0000
392760.0000
394795.0000
396822.0000
398855.0000
400883.0000
402913.0000
404942.0000
406975.0000
409005.0000
411034.0000
413062.0000
415092.0000
417123.0000
419151.0000
421185.0000
423218.0000
425246.0000
427273.0000
429306.0000
431336.0000
433365.0000
435399.0000
437428.0000
439454.0000
441476.0000
443510.0000
445540.0000
447566.0000
449598.0000
451632.0000
453660.0000
455690.0000
457713.0000
459742.0000
461768.0000
463803.0000
465820.0000
467849.0000
469874.0000
471907.0000
473938.0000
475965.0000
477995.0000
480022.0000
482049.0000
484082.0000
486111.0000
488144.0000
490172.0000
492196.0000
494225.0000
496253.0000
498289.0000
500320.0000
502351.0000
504386.0000
506414.0000
508444.0000
510470.0000
512503.0000
514535.0000
516561.0000
518593.0000
520625.0000
522651.0000
524686.0000
526721.0000
528751.0000
530783.0000
532817.0000
534839.0000
536868.0000
538901.0000
540937.0000
542966.0000
544996.0000
547019.0000
549051.0000
551082.0000
553119.0000
555144.0000
557179.0000
559206.0000
561238.0000
563269.0000
565298.0000
567332.0000
569358.0000
571390.0000
573417.0000
575446.0000
577479.0000
579510.0000
581542.0000
583566.0000
585591.0000
587621.0000
589651.0000
591677.0000
593703.0000
595730.0000
597762.0000
599784.0000
601815.0000
603838.0000
605869.0000
607898.0000
609925.0000
611954.0000
613982.0000
616013.0000
618042.0000
620069.0000
622100.0000
624129.0000
626163.0000
628194.0000
630218.0000
632247.0000
634273.0000
636300.0000
638337.0000
640366.0000
642396.0000
644423.0000
646454.0000
648483.0000
650517.0000
652547.0000
654576.0000
656609.0000
658641.0000
660668.0000
662698.0000
664726.0000
666755.0000
668785.0000
670817.0000
672845.0000
674878.0000
676904.0000
678926.0000
680958.0000
682991.0000
685020.0000
687051.0000
689075.0000
691105.0000
693139.0000
695170.0000
697203.0000
699235.0000
701263.0000
703293.0000
705330.0000
707364.0000
709401.0000
711428.0000
713457.0000
715487.0000
717516.0000
719550.0000
721581.0000
723610.0000
725645.0000
727672.0000
729704.0000
731735.0000
733765.0000
735797.0000
737826.0000
739862.0000
741893.0000
743925.0000
745958.0000
747988.0000
750016.0000
752051.0000
754080.0000
756118.0000
758147.0000
760182.0000
762210.0000
764235.0000
766268.0000
768299.0000
770334.0000
772363.0000
774394.0000
776426.0000
778457.0000
780479.0000
782514.0000
784539.0000
786555.0000
788584.0000
790610.0000
792640.0000
794670.0000
796699.0000
798728.0000
800758.0000
802785.0000
804814.0000
806840.0000
808866.0000
810894.0000
812924.0000
814961.0000
816986.0000
819013.0000
821045.0000
823074.0000
825105.0000
827136.0000
829166.0000
831189.0000
833220.0000
835250.0000
837281.0000
839312.0000
841343.0000
843375.0000
845405.0000
847434.0000
849458.0000
851489.0000
853516.0000
855544.0000
857575.0000
859603.0000
861630.0000
863657.0000
865685.0000
867718.0000
869746.0000
871771.0000
873808.0000
875833.0000
877867.0000
879895.0000
881930.0000
883958.0000
885988.0000
888017.0000
890048.0000
892066.0000
894099.0000
896124.0000
898153.0000
900180.0000
902203.0000
904231.0000
906267.0000
908297.0000
910332.0000
912363.0000
914397.0000
916430.0000
918461.0000
920491.0000
922526.0000
924553.0000
926582.0000
928614.0000
930642.0000
932674.0000
934704.0000
936733.0000
938765.0000
940796.0000
942824.0000
944857.0000
946884.0000
948914.0000
950948.0000
952977.0000
955003.0000
957034.0000
959060.0000
961090.0000
963120.0000
965153.0000
967185.0000
969216.0000
971249.0000
973280.0000
975307.0000
977341.0000
979371.0000
981401.0000
983432.0000
985460.0000
987493.0000
989528.0000
991558.0000
993587.0000
995614.0000
997645.0000
999673.0000
1001704.0000
1003735.0000
1005764.0000
1007795.0000
1009827.0000
1011853.0000
1013887.0000
1015919.0000
1017948.0000
1019982.0000
1022009.0000
1024038.0000
1026072.0000
1028105.0000
1030134.0000
1032167.0000
1034202.0000
1036232.0000
1038252.0000
1040277.0000
1042308.0000
1044326.0000
1046359.0000
1048390.0000
1050420.0000
1052449.0000
1054480.0000
1056507.0000
1058536.0000
1060563.0000
1062594.0000
1064622.0000
1066646.0000
1068684.0000
1070713.0000
1072744.0000
1074779.0000
1076812.0000
1078846.0000
1080869.0000
1082896.0000
1084930.0000
1086961.0000
1088990.0000
1091024.0000
1093053.0000
1095075.0000
1097100.0000
1099130.0000
1101161.0000
1103181.0000
1105210.0000
1107239.0000
1109271.0000
1111303.0000
1113332.0000
1115358.0000
1117383.0000
1119416.0000
1121442.0000
1123461.0000
1125483.0000
1127509.0000
1129538.0000
1131563.0000
1133588.0000
1135611.0000
1137642.0000
1139672.0000
1141698.0000
1143720.0000
1145746.0000
1147776.0000
1149802.0000
1151823.0000
1153849.0000
1155876.0000
1157907.0000
1159937.0000
1161962.0000
1163993.0000
1166020.0000
1168049.0000
1170078.0000
1172102.0000
1174124.0000
1176150.0000
1178179.0000
1180205.0000
1182232.0000
1184261.0000
1186295.0000
1188318.0000
1190346.0000
1192372.0000
1194403.0000
1196429.0000
1198458.0000
1200485.0000
1202514.0000
1204544.0000
1206574.0000
1208606.0000
1210635.0000
1212664.0000
1214689.0000
1216715.0000
1218730.0000
1220761.0000
1222781.0000
1224811.0000
1226838.0000
1228869.0000
1230900.0000
1232923.0000
1234953.0000
1236983.0000
1239014.0000
1241044.0000
1243072.0000
1245097.0000
1247125.0000
1249154.0000
1251187.0000
1253214.0000
1255235.0000
1257260.0000
1259284.0000
1261314.0000
1263351.0000
1265383.0000
1267408.0000
1269432.0000
1271461.0000
1273493.0000
1275521.0000
1277549.0000
1279578.0000
1281607.0000
1283634.0000
1285666.0000
1287686.0000
1289705.0000
1291735.0000
1293761.0000
1295791.0000
1297815.0000
1299846.0000
1301866.0000
1303893.0000
1305923.0000
1307954.0000
1309986.0000
1312012.0000
1314040.0000
1316067.0000
1318095.0000
1320124.0000
1322151.0000
1324181.0000
1326206.0000
1328234.0000
1330265.0000
1332291.0000
1334319.0000
1336348.0000
1338369.0000
1340401.0000
1342428.0000
1344459.0000
1346489.0000
1348511.0000
1350539.0000
1352565.0000
1354588.0000
1356618.0000
1358649.0000
1360676.0000
1362705.0000
1364736.0000
1366765.0000
1368794.0000
1370821.0000
1372853.0000
1374879.0000
1376899.0000
1378930.0000
1380957.0000
1382990.0000
1385017.0000
1387047.0000
1389078.0000
1391101.0000
1393129.0000
1395156.0000
1397179.0000
1399205.0000
1401237.0000
1403262.0000
1405290.0000
1407320.0000
1409349.0000
1411379.0000
1413406.0000
1415429.0000
1417462.0000
1419489.0000
1421518.0000
1423544.0000
1425572.0000
1427600.0000
1429627.0000
1431657.0000
1433678.0000
1435706.0000
1437737.0000
1439763.0000
1441794.0000
1443824.0000
1445852.0000
1447882.0000
1449913.0000
1451942.0000
1453968.0000
1456004.0000
1458027.0000
1460060.0000
1462091.0000
1464122.0000
1466137.0000
1468163.0000
1470189.0000
1472219.0000
1474247.0000
1476278.0000
1478305.0000
1480333.0000
1482360.0000
1484388.0000
1486413.0000
1488439.0000
1490463.0000
1492495.0000
1494519.0000
1496549.0000
1498578.0000
1500605.0000
1502633.0000
1504664.0000
1506696.0000
1508718.0000
1510749.0000
1512778.0000
1514804.0000
1516834.0000
1518865.0000
1520890.0000
1522917.0000
1524949.0000
1526981.0000
1529009.0000
1531036.0000
1533063.0000
1535087.0000
1537118.0000
1539145.0000
1541176.0000
1543204.0000
1545234.0000
1547259.0000
1549284.0000
1551316.0000
1553343.0000
1555366.0000
1557392.0000
1559424.0000
1561453.0000
1563475.0000
1565506.0000
1567532.0000
1569562.0000
1571593.0000
1573618.0000
1575642.0000
1577670.0000
1579691.0000
1581715.0000
1583743.0000
1585768.0000
1587796.0000
1589823.0000
1591854.0000
1593886.0000
1595914.0000
1597941.0000
1599968.0000
1602000.0000
1604028.0000
1606053.0000
1608086.0000
1610115.0000
1612146.0000
1614178.0000
1616206.0000
1618237.0000
1620268.0000
1622295.0000
1624324.0000
1626357.0000
1628385.0000
1630417.0000
1632449.0000
1634479.0000
1636508.0000
1638534.0000
1640565.0000
1642591.0000
1644610.0000
1646638.0000
1648667.0000
1650698.0000
1652726.0000
1654758.0000
1656786.0000
1658813.0000
1660845.0000
1662874.0000
1664896.0000
1666927.0000
1668955.0000
1670983.0000
1673007.0000
1675036.0000
1677068.0000
1679097.0000
1681123.0000
1683153.0000
1685186.0000
1687215.0000
1689242.0000
1691273.0000
1693302.0000
1695332.0000
1697363.0000
1699392.0000
1701423.0000
1703450.0000
1705472.0000
1707502.0000
1709532.0000
1711562.0000
1713587.0000
1715618.0000
1717644.0000
1719671.0000
1721699.0000
1723728.0000
1725754.0000
1727787.0000
1729814.0000
1731845.0000
1733869.0000
1735901.0000
1737926.0000
1739953.0000
1741978.0000
1744004.0000
1746034.0000
1748056.0000
1750091.0000
1752119.0000
1754149.0000
1756177.0000
1758204.0000
1760230.0000
1762257.0000
1764283.0000
1766309.0000
1768333.0000
1770364.0000
1772391.0000
1774414.0000
1776443.0000
1778474.0000
1780503.0000
1782532.0000
1784554.0000
1786583.0000
1788611.0000
1790639.0000
1792668.0000
1794691.0000
1796722.0000
1798749.0000
1800779.0000
1802809.0000
1804838.0000
1806868.0000
1808898.0000
1810926.0000
1812949.0000
1814979.0000
1817008.0000
1819035.0000
1821067.0000
1823095.0000
1825124.0000
1827149.0000
1829176.0000
1831204.0000
1833233.0000
1835263.0000
1837290.0000
1839321.0000
1841346.0000
1843373.0000
1845403.0000
1847432.0000
1849460.0000
1851488.0000
1853518.0000
1855545.0000
1857571.0000
1859601.0000
1861631.0000
1863662.0000
1865689.0000
1867716.0000
1869740.0000
1871772.0000
1873797.0000
1875830.0000
1877860.0000
1879889.0000
1881915.0000
1883946.0000
1885978.0000
1888005.0000
1890035.0000
1892065.0000
1894088.0000
1896122.0000
1898133.0000
1900164.0000
1902196.0000
1904227.0000
1906249.0000
1908277.0000
1910304.0000
1912332.0000
1914357.0000
1916387.0000
1918414.0000
1920442.0000
1922472.0000
1924502.0000
1926529.0000
1928558.0000
1930584.0000
1932613.0000
1934643.0000
1936669.0000
1938697.0000
1940725.0000
1942753.0000
1944780.0000
1946810.0000
1948836.0000
1950867.0000
1952896.0000
1954926.0000
1956957.0000
1958984.0000
1961020.0000
1963049.0000
1965077.0000
1967106.0000
1969139.0000
1971167.0000
1973195.0000
1975227.0000
1977254.0000
1979284.0000
1981311.0000
1983335.0000
1985370.0000
1987397.0000
1989428.0000
1991454.0000
1993479.0000
1995504.0000
1997535.0000
1999558.0000
