2193.0000
4394.0000
6603.0000
8825.0000
11042.0000
13047.0000
15063.0000
17067.0000
19072.0000
21083.0000
23104.0000
25115.0000
27128.0000
29149.0000
31166.0000
33182.0000
35200.0000
37224.0000
39243.0000
41269.0000
43290.0000
45310.0000
47335.0000
49353.0000
51370.0000
53396.0000
55424.0000
57452.0000
59475.0000
61506.0000
63524.0000
65543.0000
67565.0000
69583.0000
71605.0000
73626.0000
75647.0000
77672.0000
79690.0000
81711.0000
83741.0000
85764.0000
87778.0000
89800.0000
91829.0000
93858.0000
95884.0000
97907.0000
99933.0000
101951.0000
103972.0000
105995.0000
108026.0000
110050.0000
112076.0000
114102.0000
116132.0000
118162.0000
120192.0000
122224.0000
124256.0000
126285.0000
128316.0000
130345.0000
132378.0000
134401.0000
136429.0000
138455.0000
140481.0000
142513.0000
144541.0000
146567.0000
148598.0000
150627.0000
152650.0000
154681.0000
156714.0000
158740.0000
160774.0000
162803.0000
164832.0000
166860.0000
168890.0000
170924.0000
172955.0000
174982.0000
177015.0000
179044.0000
181070.0000
183102.0000
185127.0000
187157.0000
189190.0000
191222.0000
193247.0000
195279.0000
197309.0000
199334.0000
201362.0000
203390.0000
205421.0000
207449.0000
209480.0000
211511.0000
213547.0000
215573.0000
217603.0000
219633.0000
221654.0000
223686.0000
225712.0000
227740.0000
229770.0000
231793.0000
233818.0000
235847.0000
237875.0000
239904.0000
241932.0000
243956.0000
245988.0000
248018.0000
250045.0000
252072.0000
254098.0000
256123.0000
258153.0000
260188.0000
262216.0000
264243.0000
266268.0000
268298.0000
270330.0000
272358.0000
274389.0000
276417.0000
278446.0000
280475.0000
282506.0000
284537.0000
286568.0000
288599.0000
290624.0000
292649.0000
294683.0000
296715.0000
298739.0000
300771.0000
302803.0000
304828.0000
306854.0000
308883.0000
310911.0000
312937.0000
314956.0000
316984.0000
319014.0000
321041.0000
323070.0000
325091.0000
327124.0000
329155.0000
331184.0000
333216.0000
335251.0000
337274.0000
339304.0000
341324.0000
343355.0000
345386.0000
347420.0000
349450.0000
351484.0000
353508.0000
355537.0000
357566.0000
359593.0000
361624.0000
363653.0000
365680.0000
367715.0000
369744.0000
371781.0000
373812.0000
375844.0000
377876.0000
379903.0000
381935.0000
383962.0000
385989.0000
388016.0000
390046.0000
392074.0000
394104.0000
396129.0000
398160.0000
400194.0000
402221.0000
404253.0000
406278.0000
408309.0000
410339.0000
412366.0000
414400.0000
416426.0000
418458.0000
420484.0000
422515.0000
424544.0000
426567.0000
428592.0000
430627.0000
432654.0000
434682.0000
436715.0000
438742.0000
440778.0000
442801.0000
444832.0000
446862.0000
448893.0000
450921.0000
452948.0000
454970.0000
457001.0000
459032.0000
461062.0000
463093.0000
465123.0000
467161.0000
469187.0000
471224.0000
473253.0000
475286.0000
477308.0000
479339.0000
481371.0000
483401.0000
485433.0000
487459.0000
489492.0000
491519.0000
493549.0000
495577.0000
497602.0000
499626.0000
501655.0000
503684.0000
505713.0000
507741.0000
509769.0000
511796.0000
513830.0000
515856.0000
517887.0000
519917.0000
521946.0000
523978.0000
526011.0000
528042.0000
530075.0000
532108.0000
534140.0000
536172.0000
538196.0000
540229.0000
542262.0000
544298.0000
546327.0000
548358.0000
550391.0000
552423.0000
554456.0000
556483.0000
558519.0000
560551.0000
562578.0000
564606.0000
566638.0000
568672.0000
570704.0000
572738.0000
574765.0000
576799.0000
578831.0000
580867.0000
582894.0000
584921.0000
586954.0000
588985.0000
591021.0000
593052.0000
595083.0000
597119.0000
599141.0000
601169.0000
603199.0000
605232.0000
607258.0000
609282.0000
611316.0000
613344.0000
615375.0000
617406.0000
619434.0000
621466.0000
623498.0000
625531.0000
627559.0000
629591.0000
631623.0000
633654.0000
635681.0000
637712.0000
639741.0000
641766.0000
643802.0000
645832.0000
647863.0000
649891.0000
651924.0000
653955.0000
655987.0000
658013.0000
660043.0000
662069.0000
664095.0000
666121.0000
668152.0000
670184.0000
672219.0000
674242.0000
676272.0000
678296.0000
680325.0000
682353.0000
684387.0000
686419.0000
688443.0000
690466.0000
692496.0000
694527.0000
696554.0000
698587.0000
700612.0000
702648.0000
704680.0000
706710.0000
708743.0000
710773.0000
712797.0000
714830.0000
716861.0000
718892.0000
720927.0000
722962.0000
724991.0000
727023.0000
729053.0000
731088.0000
733116.0000
735152.0000
737186.0000
739215.0000
741248.0000
743276.0000
745306.0000
747338.0000
749359.0000
751390.0000
753427.0000
755458.0000
757492.0000
759526.0000
761555.0000
763587.0000
765620.0000
767641.0000
769673.0000
771707.0000
773735.0000
775766.0000
777796.0000
779828.0000
781855.0000
783882.0000
785913.0000
787944.0000
789979.0000
792012.0000
794042.0000
796077.0000
798105.0000
800130.0000
802161.0000
804193.0000
806226.0000
808260.0000
810291.0000
812324.0000
814362.0000
816395.0000
818423.0000
820455.0000
822487.0000
824513.0000
826538.0000
828569.0000
830602.0000
832631.0000
834657.0000
836688.0000
838721.0000
840754.0000
842786.0000
844817.0000
846844.0000
848878.0000
850904.0000
852938.0000
854967.0000
857003.0000
859026.0000
861062.0000
863090.0000
865118.0000
867149.0000
869178.0000
871207.0000
873235.0000
875268.0000
877298.0000
879328.0000
881361.0000
883397.0000
885427.0000
887461.0000
889492.0000
891521.0000
893552.0000
895584.0000
897613.0000
899649.0000
901670.0000
903702.0000
905731.0000
907766.0000
909799.0000
911832.0000
913861.0000
915896.0000
917930.0000
919967.0000
921999.0000
924034.0000
926068.0000
928099.0000
930131.0000
932166.0000
934200.0000
936225.0000
938262.0000
940296.0000
942322.0000
944359.0000
946388.0000
948425.0000
950454.0000
952485.0000
954519.0000
956547.0000
958579.0000
960611.0000
962642.0000
964671.0000
966704.0000
968733.0000
970763.0000
972793.0000
974824.0000
976854.0000
978876.0000
980904.0000
982937.0000
984966.0000
986998.0000
989029.0000
991058.0000
993092.0000
995124.0000
997155.0000
999183.0000
1001215.0000
1003248.0000
1005282.0000
1007312.0000
1009343.0000
1011374.0000
1013408.0000
1015438.0000
1017469.0000
1019501.0000
1021536.0000
1023566.0000
1025603.0000
1027635.0000
1029667.0000
1031697.0000
1033730.0000
1035757.0000
1037787.0000
1039822.0000
1041848.0000
1043876.0000
1045910.0000
1047943.0000
1049977.0000
1052011.0000
1054038.0000
1056069.0000
1058101.0000
1060128.0000
1062165.0000
1064195.0000
1066229.0000
1068262.0000
1070295.0000
1072326.0000
1074357.0000
1076393.0000
1078423.0000
1080454.0000
1082485.0000
1084513.0000
1086541.0000
1088573.0000
1090603.0000
1092639.0000
1094671.0000
1096694.0000
1098728.0000
1100756.0000
1102788.0000
1104821.0000
1106851.0000
1108885.0000
1110917.0000
1112946.0000
1114978.0000
1117009.0000
1119036.0000
1121063.0000
1123098.0000
1125130.0000
1127165.0000
1129197.0000
1131230.0000
1133264.0000
1135296.0000
1137324.0000
1139352.0000
1141387.0000
1143420.0000
1145453.0000
1147488.0000
1149508.0000
1151539.0000
1153572.0000
1155595.0000
1157628.0000
1159659.0000
1161696.0000
1163727.0000
1165761.0000
1167796.0000
1169830.0000
1171859.0000
1173887.0000
1175915.0000
1177945.0000
1179973.0000
1182012.0000
1184050.0000
1186089.0000
1188126.0000
1190150.0000
1192180.0000
1194212.0000
1196239.0000
1198275.0000
1200302.0000
1202332.0000
1204358.0000
1206381.0000
1208401.0000
1210426.0000
1212451.0000
1214482.0000
1216515.0000
1218542.0000
1220574.0000
1222600.0000
1224639.0000
1226668.0000
1228706.0000
1230735.0000
1232761.0000
1234791.0000
1236827.0000
1238858.0000
1240894.0000
1242930.0000
1244962.0000
1246995.0000
1249024.0000
1251055.0000
1253085.0000
1255117.0000
1257142.0000
1259177.0000
1261212.0000
1263244.0000
1265275.0000
1267297.0000
1269332.0000
1271365.0000
1273399.0000
1275428.0000
1277462.0000
1279488.0000
1281512.0000
1283540.0000
1285567.0000
1287598.0000
1289635.0000
1291669.0000
1293703.0000
1295732.0000
1297765.0000
1299800.0000
1301829.0000
1303866.0000
1305898.0000
1307930.0000
1309962.0000
1311989.0000
1314024.0000
1316062.0000
1318092.0000
1320128.0000
1322156.0000
1324176.0000
1326209.0000
1328245.0000
1330275.0000
1332303.0000
1334335.0000
1336365.0000
1338398.0000
1340432.0000
1342463.0000
1344499.0000
1346529.0000
1348553.0000
1350586.0000
1352616.0000
1354646.0000
1356679.0000
1358712.0000
1360742.0000
1362770.0000
1364805.0000
1366842.0000
1368874.0000
1370906.0000
1372935.0000
1374971.0000
1377002.0000
1379037.0000
1381066.0000
1383095.0000
1385121.0000
1387152.0000
1389185.0000
1391218.0000
1393251.0000
1395276.0000
1397308.0000
1399347.0000
1401377.0000
1403413.0000
1405444.0000
1407476.0000
1409513.0000
1411542.0000
1413576.0000
1415605.0000
1417636.0000
1419669.0000
1421701.0000
1423728.0000
1425752.0000
1427783.0000
1429811.0000
1431832.0000
1433866.0000
1435903.0000
1437933.0000
1439962.0000
1441996.0000
1444028.0000
1446062.0000
1448091.0000
1450125.0000
1452156.0000
1454187.0000
1456216.0000
1458252.0000
1460283.0000
1462320.0000
1464348.0000
1466381.0000
1468414.0000
1470444.0000
1472478.0000
1474508.0000
1476543.0000
1478574.0000
1480611.0000
1482640.0000
1484673.0000
1486707.0000
1488742.0000
1490774.0000
1492803.0000
1494826.0000
1496858.0000
1498888.0000
1500922.0000
1502954.0000
1504988.0000
1507017.0000
1509052.0000
1511085.0000
1513117.0000
1515150.0000
1517183.0000
1519217.0000
1521247.0000
1523284.0000
1525314.0000
1527344.0000
1529379.0000
1531409.0000
1533443.0000
1535471.0000
1537505.0000
1539539.0000
1541566.0000
1543600.0000
1545628.0000
1547656.0000
1549689.0000
1551722.0000
1553756.0000
1555785.0000
1557820.0000
1559852.0000
1561888.0000
1563922.0000
1565953.0000
1567989.0000
1570023.0000
1572054.0000
1574087.0000
1576115.0000
1578149.0000
1580178.0000
1582208.0000
1584239.0000
1586267.0000
1588301.0000
1590333.0000
1592365.0000
1594395.0000
1596426.0000
1598457.0000
1600492.0000
1602514.0000
1604553.0000
1606585.0000
1608617.0000
1610642.0000
1612681.0000
1614712.0000
1616741.0000
1618776.0000
1620805.0000
1622838.0000
1624872.0000
1626904.0000
1628937.0000
1630966.0000
1632996.0000
1635022.0000
1637053.0000
1639084.0000
1641113.0000
1643144.0000
1645181.0000
1647213.0000
1649245.0000
1651277.0000
1653308.0000
1655340.0000
1657367.0000
1659400.0000
1661431.0000
1663462.0000
1665495.0000
1667526.0000
1669561.0000
1671594.0000
1673627.0000
1675664.0000
1677695.0000
1679726.0000
1681757.0000
1683789.0000
1685820.0000
1687855.0000
1689885.0000
1691912.0000
1693941.0000
1695970.0000
1698003.0000
1700032.0000
1702064.0000
1704098.0000
1706130.0000
1708160.0000
1710193.0000
1712217.0000
1714249.0000
1716279.0000
1718309.0000
1720339.0000
1722366.0000
1724398.0000
1726432.0000
1728463.0000
1730491.0000
1732528.0000
1734558.0000
1736587.0000
1738623.0000
1740653.0000
1742687.0000
1744714.0000
1746747.0000
1748779.0000
1750810.0000
1752839.0000
1754867.0000
1756901.0000
1758927.0000
1760953.0000
1762990.0000
1765015.0000
1767050.0000
1769076.0000
1771110.0000
1773145.0000
1775175.0000
1777198.0000
1779227.0000
1781249.0000
1783278.0000
1785312.0000
1787340.0000
1789369.0000
1791405.0000
1793432.0000
1795466.0000
1797499.0000
1799524.0000
1801556.0000
1803581.0000
1805606.0000
1807640.0000
1809669.0000
1811700.0000
1813733.0000
1815767.0000
1817794.0000
1819822.0000
1821853.0000
1823885.0000
1825909.0000
1827933.0000
1829963.0000
1831995.0000
1834023.0000
1836059.0000
1838091.0000
1840114.0000
1842147.0000
1844178.0000
1846206.0000
1848238.0000
1850269.0000
1852298.0000
1854332.0000
1856363.0000
1858393.0000
1860424.0000
1862452.0000
1864479.0000
1866506.0000
1868535.0000
1870566.0000
1872598.0000
1874628.0000
1876659.0000
1878692.0000
1880724.0000
1882752.0000
1884783.0000
1886806.0000
1888841.0000
1890876.0000
1892903.0000
1894932.0000
1896963.0000
1898991.0000
1901026.0000
1903057.0000
1905090.0000
1907122.0000
1909152.0000
1911183.0000
1913217.0000
1915249.0000
1917273.0000
1919306.0000
1921338.0000
1923372.0000
1925405.0000
1927436.0000
1929467.0000
1931500.0000
1933534.0000
1935563.0000
1937595.0000
1939626.0000
1941653.0000
1943676.0000
1945711.0000
1947739.0000
1949771.0000
1951800.0000
1953835.0000
1955865.0000
1957895.0000
1959926.0000
1961957.0000
1963988.0000
1966017.0000
1968052.0000
1970079.0000
1972111.0000
1974143.0000
1976170.0000
1978202.0000
1980234.0000
1982265.0000
1984293.0000
1986326.0000
1988362.0000
1990390.0000
1992426.0000
1994459.0000
1996489.0000
1998523.0000
