2167.0000
4360.0000
6544.0000
8767.0000
11008.0000
13255.0000
15502.0000
17522.0000
19546.0000
21569.0000
23591.0000
25612.0000
27623.0000
29639.0000
31658.0000
33673.0000
35700.0000
37725.0000
39753.0000
41773.0000
43797.0000
45818.0000
47840.0000
49861.0000
51876.0000
53901.0000
55928.0000
57953.0000
59969.0000
61986.0000
64003.0000
66025.0000
68050.0000
70070.0000
72098.0000
74121.0000
76147.0000
78165.0000
80189.0000
82206.0000
84225.0000
86242.0000
88267.0000
90280.0000
92300.0000
94323.0000
96338.0000
98357.0000
100378.0000
102401.0000
104425.0000
106452.0000
108470.0000
110487.0000
112510.0000
114531.0000
116557.0000
118584.0000
120610.0000
122642.0000
124669.0000
126699.0000
128721.0000
130757.0000
132785.0000
134821.0000
136850.0000
138880.0000
140911.0000
142945.0000
144978.0000
147013.0000
149044.0000
151080.0000
153113.0000
155148.0000
157182.0000
159214.0000
161252.0000
163285.0000
165319.0000
167353.0000
169385.0000
171416.0000
173452.0000
175483.0000
177518.0000
179549.0000
181575.0000
183610.0000
185637.0000
187672.0000
189705.0000
191733.0000
193767.0000
195794.0000
197827.0000
199850.0000
201881.0000
203908.0000
205940.0000
207967.0000
210003.0000
212032.0000
214063.0000
216089.0000
218116.0000
220147.0000
222175.0000
224208.0000
226239.0000
228271.0000
230302.0000
232329.0000
234362.0000
236392.0000
238425.0000
240457.0000
242492.0000
244524.0000
246557.0000
248587.0000
250616.0000
252653.0000
254685.0000
256718.0000
258748.0000
260778.0000
262809.0000
264836.0000
266865.0000
268894.0000
270921.0000
272957.0000
274991.0000
277016.0000
279045.0000
281076.0000
283107.0000
285140.0000
287173.0000
289199.0000
291226.0000
293255.0000
295288.0000
297319.0000
299349.0000
301376.0000
303408.0000
305440.0000
307469.0000
309501.0000
311529.0000
313560.0000
315592.0000
317619.0000
319655.0000
321681.0000
323712.0000
325744.0000
327768.0000
329800.0000
331831.0000
333855.0000
335885.0000
337910.0000
339939.0000
341974.0000
343999.0000
346028.0000
348057.0000
350088.0000
352116.0000
354146.0000
356174.0000
358198.0000
360223.0000
362256.0000
364282.0000
366311.0000
368342.0000
370376.0000
372404.0000
374432.0000
376462.0000
378487.0000
380519.0000
382546.0000
384576.0000
386608.0000
388640.0000
390667.0000
392695.0000
394727.0000
396759.0000
398787.0000
400814.0000
402840.0000
404864.0000
406895.0000
408926.0000
410952.0000
412979.0000
415008.0000
417040.0000
419070.0000
421101.0000
423132.0000
425162.0000
427194.0000
429224.0000
431256.0000
433288.0000
435316.0000
437340.0000
439371.0000
441399.0000
443425.0000
445451.0000
447475.0000
449507.0000
451530.0000
453560.0000
455593.0000
457613.0000
459637.0000
461666.0000
463694.0000
465721.0000
467747.0000
469777.0000
471798.0000
473823.0000
475855.0000
477887.0000
479910.0000
481938.0000
483968.0000
485994.0000
488024.0000
490047.0000
492077.0000
494111.0000
496139.0000
498166.0000
500196.0000
502224.0000
504248.0000
506270.0000
508300.0000
510331.0000
512357.0000
514388.0000
516420.0000
518449.0000
520475.0000
522507.0000
524535.0000
526558.0000
528583.0000
530612.0000
532640.0000
534666.0000
536693.0000
538723.0000
540753.0000
542783.0000
544803.0000
546835.0000
548859.0000
550882.0000
552912.0000
554940.0000
556968.0000
558994.0000
561023.0000
563052.0000
565083.0000
567114.0000
569140.0000
571167.0000
573197.0000
575221.0000
577250.0000
579280.0000
581301.0000
583332.0000
585359.0000
587389.0000
589416.0000
591445.0000
593475.0000
595505.0000
597533.0000
599560.0000
601585.0000
603609.0000
605635.0000
607665.0000
609694.0000
611715.0000
613742.0000
615769.0000
617792.0000
619823.0000
621855.0000
623877.0000
625903.0000
627930.0000
629960.0000
631992.0000
634015.0000
636042.0000
638072.0000
640092.0000
642124.0000
644144.0000
646172.0000
648196.0000
650224.0000
652249.0000
654273.0000
656302.0000
658330.0000
660361.0000
662389.0000
664416.0000
666447.0000
668473.0000
670501.0000
672528.0000
674557.0000
676581.0000
678606.0000
680637.0000
682668.0000
684695.0000
686722.0000
688749.0000
690780.0000
692804.0000
694833.0000
696861.0000
698887.0000
700917.0000
702941.0000
704970.0000
706984.0000
709007.0000
711029.0000
713055.0000
715074.0000
717098.0000
719127.0000
721157.0000
723183.0000
725214.0000
727243.0000
729260.0000
731281.0000
733308.0000
735336.0000
737364.0000
739391.0000
741418.0000
743446.0000
745471.0000
747500.0000
749527.0000
751554.0000
753578.0000
755611.0000
757642.0000
759670.0000
761698.0000
763728.0000
765758.0000
767786.0000
769814.0000
771838.0000
773868.0000
775896.0000
777923.0000
779945.0000
781970.0000
783996.0000
786025.0000
788050.0000
790081.0000
792113.0000
794142.0000
796170.0000
798197.0000
800229.0000
802258.0000
804280.0000
806313.0000
808336.0000
810356.0000
812386.0000
814407.0000
816437.0000
818468.0000
820497.0000
822523.0000
824552.0000
826577.0000
828604.0000
830632.0000
832662.0000
834688.0000
836716.0000
838739.0000
840771.0000
842798.0000
844824.0000
846848.0000
848873.0000
850904.0000
852931.0000
854952.0000
856979.0000
859003.0000
861027.0000
863055.0000
865080.0000
867108.0000
869139.0000
871166.0000
873186.0000
875210.0000
877240.0000
879270.0000
881297.0000
883327.0000
885358.0000
887387.0000
889420.0000
891446.0000
893470.0000
895498.0000
897531.0000
899557.0000
901581.0000
903612.0000
905638.0000
907664.0000
909694.0000
911719.0000
913752.0000
915779.0000
917811.0000
919838.0000
921864.0000
923895.0000
925921.0000
927949.0000
929976.0000
932000.0000
934028.0000
936061.0000
938083.0000
940105.0000
942130.0000
944156.0000
946189.0000
948217.0000
950245.0000
952275.0000
954300.0000
956325.0000
958353.0000
960379.0000
962408.0000
964440.0000
966469.0000
968494.0000
970519.0000
972547.0000
974576.0000
976607.0000
978633.0000
980664.0000
982690.0000
984719.0000
986749.0000
988773.0000
990799.0000
992828.0000
994854.0000
996883.0000
998908.0000
1000937.0000
1002963.0000
1004990.0000
1007023.0000
1009052.0000
1011078.0000
1013102.0000
1015130.0000
1017162.0000
1019194.0000
1021219.0000
1023251.0000
1025280.0000
1027307.0000
1029337.0000
1031363.0000
1033391.0000
1035418.0000
1037446.0000
1039473.0000
1041501.0000
1043527.0000
1045556.0000
1047581.0000
1049607.0000
1051638.0000
1053666.0000
1055690.0000
1057721.0000
1059748.0000
1061778.0000
1063808.0000
1065834.0000
1067862.0000
1069895.0000
1071921.0000
1073950.0000
1075982.0000
1078004.0000
1080029.0000
1082056.0000
1084087.0000
1086118.0000
1088146.0000
1090175.0000
1092202.0000
1094230.0000
1096258.0000
1098289.0000
1100308.0000
1102335.0000
1104358.0000
1106384.0000
1108415.0000
1110436.0000
1112458.0000
1114476.0000
1116502.0000
1118530.0000
1120561.0000
1122583.0000
1124611.0000
1126640.0000
1128668.0000
1130701.0000
1132724.0000
1134748.0000
1136775.0000
1138802.0000
1140828.0000
1142861.0000
1144889.0000
1146921.0000
1148949.0000
1150980.0000
1153005.0000
1155037.0000
1157062.0000
1159086.0000
1161112.0000
1163137.0000
1165164.0000
1167189.0000
1169223.0000
1171244.0000
1173270.0000
1175295.0000
1177326.0000
1179352.0000
1181382.0000
1183410.0000
1185439.0000
1187465.0000
1189493.0000
1191518.0000
1193541.0000
1195567.0000
1197594.0000
1199619.0000
1201648.0000
1203676.0000
1205706.0000
1207731.0000
1209762.0000
1211791.0000
1213817.0000
1215847.0000
1217876.0000
1219904.0000
1221931.0000
1223963.0000
1225989.0000
1228017.0000
1230043.0000
1232073.0000
1234098.0000
1236129.0000
1238150.0000
1240179.0000
1242207.0000
1244237.0000
1246264.0000
1248289.0000
1250320.0000
1252347.0000
1254377.0000
1256399.0000
1258431.0000
1260456.0000
1262482.0000
1264512.0000
1266542.0000
1268573.0000
1270594.0000
1272626.0000
1274654.0000
1276686.0000
1278711.0000
1280732.0000
1282762.0000
1284791.0000
1286817.0000
1288844.0000
1290871.0000
1292901.0000
1294930.0000
1296960.0000
1298988.0000
1301011.0000
1303041.0000
1305075.0000
1307091.0000
1309120.0000
1311152.0000
1313178.0000
1315204.0000
1317231.0000
1319260.0000
1321290.0000
1323317.0000
1325349.0000
1327374.0000
1329405.0000
1331428.0000
1333459.0000
1335487.0000
1337516.0000
1339545.0000
1341570.0000
1343597.0000
1345625.0000
1347649.0000
1349673.0000
1351704.0000
1353733.0000
1355761.0000
1357794.0000
1359817.0000
1361849.0000
1363878.0000
1365909.0000
1367940.0000
1369971.0000
1371998.0000
1374029.0000
1376048.0000
1378079.0000
1380105.0000
1382133.0000
1384156.0000
1386188.0000
1388217.0000
1390241.0000
1392276.0000
1394306.0000
1396324.0000
1398357.0000
1400384.0000
1402413.0000
1404442.0000
1406467.0000
1408499.0000
1410529.0000
1412560.0000
1414589.0000
1416619.0000
1418646.0000
1420675.0000
1422705.0000
1424731.0000
1426760.0000
1428790.0000
1430816.0000
1432845.0000
1434872.0000
1436899.0000
1438926.0000
1440957.0000
1442986.0000
1445009.0000
1447040.0000
1449071.0000
1451100.0000
1453132.0000
1455162.0000
1457192.0000
1459220.0000
1461249.0000
1463277.0000
1465306.0000
1467337.0000
1469363.0000
1471394.0000
1473421.0000
1475450.0000
1477475.0000
1479503.0000
1481536.0000
1483567.0000
1485598.0000
1487623.0000
1489653.0000
1491683.0000
1493713.0000
1495742.0000
1497767.0000
1499799.0000
1501828.0000
1503856.0000
1505888.0000
1507915.0000
1509943.0000
1511972.0000
1514002.0000
1516032.0000
1518058.0000
1520083.0000
1522113.0000
1524140.0000
1526168.0000
1528195.0000
1530222.0000
1532255.0000
1534289.0000
1536315.0000
1538346.0000
1540377.0000
1542403.0000
1544435.0000
1546466.0000
1548497.0000
1550528.0000
1552558.0000
1554589.0000
1556621.0000
1558653.0000
1560679.0000
1562700.0000
1564722.0000
1566756.0000
1568788.0000
1570820.0000
1572846.0000
1574873.0000
1576898.0000
1578930.0000
1580963.0000
1582990.0000
1585018.0000
1587047.0000
1589081.0000
1591110.0000
1593140.0000
1595170.0000
1597200.0000
1599230.0000
1601256.0000
1603286.0000
1605320.0000
1607347.0000
1609374.0000
1611406.0000
1613433.0000
1615462.0000
1617491.0000
1619522.0000
1621548.0000
1623575.0000
1625603.0000
1627630.0000
1629662.0000
1631688.0000
1633719.0000
1635744.0000
1637776.0000
1639802.0000
1641823.0000
1643854.0000
1645883.0000
1647916.0000
1649942.0000
1651970.0000
1654000.0000
1656032.0000
1658061.0000
1660093.0000
1662125.0000
1664157.0000
1666189.0000
1668218.0000
1670245.0000
1672274.0000
1674306.0000
1676336.0000
1678366.0000
1680398.0000
1682427.0000
1684453.0000
1686485.0000
1688510.0000
1690538.0000
1692568.0000
1694597.0000
1696627.0000
1698661.0000
1700692.0000
1702720.0000
1704743.0000
1706774.0000
1708807.0000
1710834.0000
1712864.0000
1714894.0000
1716921.0000
1718957.0000
1720989.0000
1723011.0000
1725036.0000
1727063.0000
1729087.0000
1731116.0000
1733142.0000
1735170.0000
1737198.0000
1739228.0000
1741256.0000
1743282.0000
1745310.0000
1747343.0000
1749370.0000
1751399.0000
1753424.0000
1755451.0000
1757478.0000
1759511.0000
1761543.0000
1763569.0000
1765599.0000
1767627.0000
1769653.0000
1771684.0000
1773715.0000
1775744.0000
1777772.0000
1779802.0000
1781833.0000
1783862.0000
1785888.0000
1787915.0000
1789944.0000
1791974.0000
1794004.0000
1796034.0000
1798066.0000
1800098.0000
1802127.0000
1804159.0000
1806186.0000
1808213.0000
1810244.0000
1812273.0000
1814300.0000
1816330.0000
1818359.0000
1820392.0000
1822418.0000
1824445.0000
1826471.0000
1828502.0000
1830530.0000
1832557.0000
1834585.0000
1836618.0000
1838644.0000
1840666.0000
1842694.0000
1844724.0000
1846751.0000
1848781.0000
1850811.0000
1852842.0000
1854872.0000
1856897.0000
1858928.0000
1860956.0000
1862988.0000
1865020.0000
1867049.0000
1869077.0000
1871103.0000
1873132.0000
1875156.0000
1877189.0000
1879215.0000
1881240.0000
1883265.0000
1885292.0000
1887322.0000
1889354.0000
1891382.0000
1893402.0000
1895432.0000
1897456.0000
1899484.0000
1901511.0000
1903542.0000
1905574.0000
1907605.0000
1909637.0000
1911663.0000
1913694.0000
1915725.0000
1917752.0000
1919778.0000
1921808.0000
1923838.0000
1925869.0000
1927896.0000
1929925.0000
1931956.0000
1933981.0000
1936009.0000
1938041.0000
1940067.0000
1942095.0000
1944122.0000
1946150.0000
1948178.0000
1950210.0000
1952236.0000
1954264.0000
1956294.0000
1958323.0000
1960353.0000
1962379.0000
1964408.0000
1966437.0000
1968468.0000
1970493.0000
1972517.0000
1974548.0000
1976576.0000
1978607.0000
1980636.0000
1982665.0000
1984693.0000
1986723.0000
1988751.0000
1990783.0000
1992806.0000
1994836.0000
1996865.0000
1998899.0000
