2176.0000
4345.0000
6584.0000
8599.0000
10846.0000
12856.0000
14877.0000
16879.0000
18897.0000
20912.0000
22928.0000
24951.0000
26974.0000
29000.0000
31022.0000
33047.0000
35062.0000
37075.0000
39099.0000
41118.0000
43139.0000
45163.0000
47172.0000
49199.0000
51223.0000
53242.0000
55262.0000
57287.0000
59311.0000
61338.0000
63359.0000
65381.0000
67398.0000
69424.0000
71442.0000
73468.0000
75498.0000
77527.0000
79544.0000
81563.0000
83583.0000
85604.0000
87632.0000
89654.0000
91680.0000
93704.0000
95734.0000
97760.0000
99791.0000
101820.0000
103853.0000
105886.0000
107915.0000
109955.0000
111988.0000
114022.0000
116053.0000
118085.0000
120116.0000
122141.0000
124172.0000
126207.0000
128236.0000
130275.0000
132300.0000
134326.0000
136347.0000
138374.0000
140396.0000
142423.0000
144453.0000
146484.0000
148511.0000
150538.0000
152570.0000
154601.0000
156626.0000
158655.0000
160686.0000
162711.0000
164737.0000
166759.0000
168787.0000
170814.0000
172843.0000
174869.0000
176899.0000
178918.0000
180948.0000
182970.0000
184992.0000
187020.0000
189052.0000
191083.0000
193110.0000
195136.0000
197168.0000
199199.0000
201229.0000
203259.0000
205288.0000
207315.0000
209348.0000
211375.0000
213406.0000
215429.0000
217457.0000
219486.0000
221511.0000
223542.0000
225573.0000
227601.0000
229626.0000
231649.0000
233672.0000
235701.0000
237724.0000
239748.0000
241772.0000
243801.0000
245830.0000
247849.0000
249878.0000
251907.0000
253935.0000
255963.0000
257991.0000
260014.0000
262047.0000
264074.0000
266098.0000
268127.0000
270159.0000
272180.0000
274211.0000
276241.0000
278271.0000
280295.0000
282324.0000
284352.0000
286381.0000
288410.0000
290430.0000
292453.0000
294483.0000
296509.0000
298537.0000
300561.0000
302593.0000
304620.0000
306648.0000
308678.0000
310703.0000
312732.0000
314754.0000
316775.0000
318804.0000
320834.0000
322860.0000
324886.0000
326915.0000
328938.0000
330965.0000
332995.0000
335022.0000
337049.0000
339077.0000
341101.0000
343127.0000
345158.0000
347181.0000
349207.0000
351238.0000
353261.0000
355296.0000
357327.0000
359347.0000
361375.0000
363407.0000
365428.0000
367456.0000
369484.0000
371506.0000
373536.0000
375563.0000
377590.0000
379614.0000
381642.0000
383672.0000
385696.0000
387721.0000
389751.0000
391777.0000
393799.0000
395832.0000
397857.0000
399886.0000
401914.0000
403946.0000
405974.0000
408003.0000
410030.0000
412058.0000
414078.0000
416109.0000
418134.0000
420164.0000
422195.0000
424215.0000
426246.0000
428268.0000
430298.0000
432326.0000
434355.0000
436385.0000
438416.0000
440446.0000
442469.0000
444496.0000
446523.0000
448553.0000
450584.0000
452610.0000
454638.0000
456666.0000
458695.0000
460718.0000
462750.0000
464778.0000
466806.0000
468831.0000
470858.0000
472885.0000
474914.0000
476944.0000
478965.0000
480992.0000
483015.0000
485041.0000
487071.0000
489101.0000
491127.0000
493148.0000
495177.0000
497206.0000
499227.0000
501257.0000
503285.0000
505316.0000
507348.0000
509377.0000
511405.0000
513436.0000
515467.0000
517495.0000
519525.0000
521552.0000
523576.0000
525606.0000
527636.0000
529667.0000
531693.0000
533722.0000
535748.0000
537771.0000
539798.0000
541820.0000
543853.0000
545884.0000
547913.0000
549933.0000
551962.0000
553992.0000
556015.0000
558037.0000
560066.0000
562092.0000
564120.0000
566147.0000
568176.0000
570202.0000
572227.0000
574253.0000
576280.0000
578306.0000
580336.0000
582364.0000
584389.0000
586418.0000
588444.0000
590467.0000
592496.0000
594515.0000
596536.0000
598561.0000
600587.0000
602617.0000
604647.0000
606670.0000
608694.0000
610723.0000
612754.0000
614776.0000
616806.0000
618829.0000
620856.0000
622881.0000
624909.0000
626937.0000
628963.0000
630992.0000
633019.0000
635044.0000
637076.0000
639096.0000
641126.0000
643149.0000
645179.0000
647208.0000
649238.0000
651265.0000
653295.0000
655321.0000
657350.0000
659380.0000
661410.0000
663440.0000
665468.0000
667500.0000
669531.0000
671561.0000
673582.0000
675613.0000
677643.0000
679670.0000
681699.0000
683726.0000
685755.0000
687783.0000
689812.0000
691834.0000
693864.0000
695891.0000
697918.0000
699948.0000
701972.0000
703997.0000
706027.0000
708053.0000
710081.0000
712105.0000
714134.0000
716159.0000
718180.0000
720214.0000
722241.0000
724269.0000
726297.0000
728324.0000
730354.0000
732379.0000
734405.0000
736431.0000
738460.0000
740486.0000
742516.0000
744545.0000
746572.0000
748600.0000
750629.0000
752655.0000
754684.0000
756709.0000
758739.0000
760768.0000
762796.0000
764825.0000
766851.0000
768879.0000
770898.0000
772926.0000
774956.0000
776978.0000
779004.0000
781031.0000
783054.0000
785080.0000
787104.0000
789138.0000
791164.0000
793190.0000
795219.0000
797248.0000
799276.0000
801303.0000
803324.0000
805348.0000
807377.0000
809395.0000
811418.0000
813442.0000
815474.0000
817500.0000
819531.0000
821556.0000
823586.0000
825615.0000
827641.0000
829668.0000
831694.0000
833727.0000
835756.0000
837787.0000
839816.0000
841841.0000
843870.0000
845895.0000
847923.0000
849950.0000
851980.0000
854010.0000
856037.0000
858069.0000
860097.0000
862125.0000
864152.0000
866180.0000
868206.0000
870238.0000
872264.0000
874291.0000
876316.0000
878340.0000
880368.0000
882396.0000
884428.0000
886459.0000
888490.0000
890516.0000
892542.0000
894571.0000
896599.0000
898626.0000
900658.0000
902685.0000
904715.0000
906741.0000
908773.0000
910802.0000
912832.0000
914862.0000
916885.0000
918916.0000
920945.0000
922976.0000
925006.0000
927036.0000
929061.0000
931088.0000
933121.0000
935150.0000
937179.0000
939210.0000
941239.0000
943265.0000
945289.0000
947323.0000
949349.0000
951378.0000
953408.0000
955438.0000
957463.0000
959490.0000
961522.0000
963547.0000
965579.0000
967607.0000
969638.0000
971669.0000
973693.0000
975712.0000
977739.0000
979764.0000
981789.0000
983820.0000
985850.0000
987876.0000
989905.0000
991934.0000
993962.0000
995987.0000
998015.0000
1000039.0000
1002068.0000
1004100.0000
1006122.0000
1008150.0000
1010180.0000
1012207.0000
1014237.0000
1016263.0000
1018293.0000
1020316.0000
1022347.0000
1024371.0000
1026402.0000
1028429.0000
1030459.0000
1032488.0000
1034514.0000
1036543.0000
1038570.0000
1040595.0000
1042627.0000
1044654.0000
1046682.0000
1048705.0000
1050736.0000
1052761.0000
1054787.0000
1056816.0000
1058846.0000
1060877.0000
1062907.0000
1064936.0000
1066963.0000
1068994.0000
1071021.0000
1073050.0000
1075077.0000
1077102.0000
1079133.0000
1081166.0000
1083192.0000
1085220.0000
1087251.0000
1089279.0000
1091301.0000
1093329.0000
1095355.0000
1097381.0000
1099412.0000
1101442.0000
1103472.0000
1105496.0000
1107530.0000
1109554.0000
1111575.0000
1113602.0000
1115629.0000
1117662.0000
1119689.0000
1121716.0000
1123732.0000
1125765.0000
1127782.0000
1129812.0000
1131837.0000
1133862.0000
1135891.0000
1137914.0000
1139942.0000
1141970.0000
1143997.0000
1146027.0000
1148054.0000
1150084.0000
1152107.0000
1154126.0000
1156156.0000
1158182.0000
1160203.0000
1162228.0000
1164256.0000
1166286.0000
1168313.0000
1170340.0000
1172371.0000
1174403.0000
1176430.0000
1178455.0000
1180484.0000
1182512.0000
1184541.0000
1186571.0000
1188600.0000
1190631.0000
1192653.0000
1194683.0000
1196711.0000
1198740.0000
1200770.0000
1202802.0000
1204827.0000
1206858.0000
1208888.0000
1210916.0000
1212944.0000
1214973.0000
1216996.0000
1219029.0000
1221053.0000
1223086.0000
1225117.0000
1227150.0000
1229174.0000
1231202.0000
1233231.0000
1235259.0000
1237290.0000
1239318.0000
1241346.0000
1243373.0000
1245405.0000
1247427.0000
1249464.0000
1251492.0000
1253521.0000
1255551.0000
1257578.0000
1259600.0000
1261625.0000
1263652.0000
1265684.0000
1267709.0000
1269741.0000
1271773.0000
1273800.0000
1275828.0000
1277858.0000
1279887.0000
1281914.0000
1283942.0000
1285966.0000
1287996.0000
1290025.0000
1292054.0000
1294087.0000
1296112.0000
1298141.0000
1300169.0000
1302199.0000
1304226.0000
1306251.0000
1308277.0000
1310309.0000
1312337.0000
1314366.0000
1316395.0000
1318424.0000
1320449.0000
1322480.0000
1324508.0000
1326538.0000
1328565.0000
1330596.0000
1332625.0000
1334655.0000
1336684.0000
1338712.0000
1340740.0000
1342770.0000
1344796.0000
1346828.0000
1348854.0000
1350885.0000
1352915.0000
1354936.0000
1356966.0000
1358997.0000
1361027.0000
1363054.0000
1365076.0000
1367103.0000
1369133.0000
1371162.0000
1373188.0000
1375216.0000
1377246.0000
1379270.0000
1381300.0000
1383331.0000
1385355.0000
1387385.0000
1389409.0000
1391436.0000
1393463.0000
1395494.0000
1397524.0000
1399555.0000
1401586.0000
1403614.0000
1405644.0000
1407674.0000
1409706.0000
1411727.0000
1413758.0000
1415786.0000
1417811.0000
1419843.0000
1421873.0000
1423901.0000
1425931.0000
1427961.0000
1429987.0000
1432019.0000
1434049.0000
1436079.0000
1438106.0000
1440130.0000
1442157.0000
1444185.0000
1446213.0000
1448236.0000
1450267.0000
1452295.0000
1454314.0000
1456343.0000
1458367.0000
1460397.0000
1462423.0000
1464454.0000
1466481.0000
1468509.0000
1470539.0000
1472562.0000
1474593.0000
1476619.0000
1478647.0000
1480675.0000
1482700.0000
1484731.0000
1486762.0000
1488784.0000
1490815.0000
1492843.0000
1494869.0000
1496895.0000
1498926.0000
1500953.0000
1502983.0000
1505009.0000
1507040.0000
1509066.0000
1511092.0000
1513122.0000
1515151.0000
1517182.0000
1519209.0000
1521237.0000
1523270.0000
1525298.0000
1527326.0000
1529356.0000
1531383.0000
1533407.0000
1535429.0000
1537460.0000
1539486.0000
1541518.0000
1543545.0000
1545576.0000
1547604.0000
1549633.0000
1551664.0000
1553693.0000
1555716.0000
1557748.0000
1559777.0000
1561805.0000
1563832.0000
1565860.0000
1567893.0000
1569923.0000
1571948.0000
1573975.0000
1576002.0000
1578025.0000
1580053.0000
1582084.0000
1584111.0000
1586142.0000
1588172.0000
1590201.0000
1592233.0000
1594263.0000
1596286.0000
1598312.0000
1600341.0000
1602366.0000
1604396.0000
1606422.0000
1608451.0000
1610477.0000
1612504.0000
1614536.0000
1616567.0000
1618599.0000
1620620.0000
1622651.0000
1624676.0000
1626706.0000
1628733.0000
1630756.0000
1632787.0000
1634819.0000
1636846.0000
1638878.0000
1640908.0000
1642935.0000
1644965.0000
1646995.0000
1649020.0000
1651049.0000
1653079.0000
1655109.0000
1657140.0000
1659170.0000
1661199.0000
1663225.0000
1665257.0000
1667286.0000
1669310.0000
1671341.0000
1673372.0000
1675395.0000
1677423.0000
1679451.0000
1681479.0000
1683509.0000
1685542.0000
1687570.0000
1689599.0000
1691623.0000
1693652.0000
1695676.0000
1697705.0000
1699735.0000
1701763.0000
1703791.0000
1705817.0000
1707847.0000
1709874.0000
1711907.0000
1713929.0000
1715953.0000
1717980.0000
1720009.0000
1722037.0000
1724058.0000
1726090.0000
1728120.0000
1730149.0000
1732174.0000
1734202.0000
1736232.0000
1738261.0000
1740286.0000
1742317.0000
1744340.0000
1746370.0000
1748394.0000
1750420.0000
1752447.0000
1754471.0000
1756497.0000
1758526.0000
1760555.0000
1762584.0000
1764612.0000
1766643.0000
1768673.0000
1770698.0000
1772730.0000
1774755.0000
1776782.0000
1778814.0000
1780841.0000
1782867.0000
1784897.0000
1786928.0000
1788943.0000
1790973.0000
1793003.0000
1795030.0000
1797061.0000
1799083.0000
1801111.0000
1803138.0000
1805169.0000
1807189.0000
1809222.0000
1811252.0000
1813273.0000
1815300.0000
1817330.0000
1819360.0000
1821391.0000
1823422.0000
1825442.0000
1827468.0000
1829498.0000
1831528.0000
1833554.0000
1835585.0000
1837612.0000
1839638.0000
1841668.0000
1843697.0000
1845726.0000
1847757.0000
1849787.0000
1851819.0000
1853846.0000
1855873.0000
1857905.0000
1859932.0000
1861963.0000
1863989.0000
1866024.0000
1868054.0000
1870082.0000
1872108.0000
1874134.0000
1876165.0000
1878196.0000
1880221.0000
1882255.0000
1884281.0000
1886307.0000
1888331.0000
1890358.0000
1892387.0000
1894421.0000
1896443.0000
1898468.0000
1900491.0000
1902521.0000
1904553.0000
1906582.0000
1908613.0000
1910641.0000
1912670.0000
1914698.0000
1916723.0000
1918745.0000
1920776.0000
1922793.0000
1924827.0000
1926856.0000
1928883.0000
1930912.0000
1932943.0000
1934966.0000
1936993.0000
1939019.0000
1941045.0000
1943073.0000
1945105.0000
1947134.0000
1949158.0000
1951188.0000
1953214.0000
1955242.0000
1957269.0000
1959297.0000
1961329.0000
1963356.0000
1965385.0000
1967415.0000
1969441.0000
1971472.0000
1973496.0000
1975524.0000
1977553.0000
1979584.0000
1981610.0000
1983639.0000
1985669.0000
1987701.0000
1989730.0000
1991755.0000
1993790.0000
1995817.0000
1997849.0000
1999879.0000
