2195.0000
4383.0000
6582.0000
8792.0000
11006.0000
13021.0000
15032.0000
17046.0000
19061.0000
21073.0000
23089.0000
25106.0000
27121.0000
29131.0000
31151.0000
33171.0000
35182.0000
37196.0000
39213.0000
41228.0000
43251.0000
45276.0000
47296.0000
49314.0000
51339.0000
53366.0000
55383.0000
57401.0000
59425.0000
61441.0000
63463.0000
65487.0000
67514.0000
69523.0000
71550.0000
73581.0000
75606.0000
77630.0000
79660.0000
81684.0000
83709.0000
85738.0000
87771.0000
89792.0000
91818.0000
93842.0000
95869.0000
97897.0000
99922.0000
101951.0000
103983.0000
106012.0000
108041.0000
110070.0000
112097.0000
114118.0000
116138.0000
118171.0000
120182.0000
122211.0000
124236.0000
126266.0000
128291.0000
130320.0000
132350.0000
134375.0000
136402.0000
138432.0000
140459.0000
142486.0000
144508.0000
146538.0000
148568.0000
150587.0000
152614.0000
154640.0000
156670.0000
158700.0000
160726.0000
162745.0000
164775.0000
166802.0000
168828.0000
170858.0000
172881.0000
174912.0000
176936.0000
178967.0000
180995.0000
183019.0000
185037.0000
187073.0000
189102.0000
191126.0000
193149.0000
195181.0000
197206.0000
199232.0000
201260.0000
203287.0000
205317.0000
207347.0000
209377.0000
211406.0000
213430.0000
215459.0000
217488.0000
219519.0000
221545.0000
223572.0000
225601.0000
227631.0000
229657.0000
231688.0000
233712.0000
235739.0000
237766.0000
239795.0000
241825.0000
243850.0000
245875.0000
247904.0000
249934.0000
251955.0000
253984.0000
256014.0000
258043.0000
260069.0000
262100.0000
264131.0000
266158.0000
268188.0000
270214.0000
272245.0000
274273.0000
276299.0000
278327.0000
280354.0000
282383.0000
284410.0000
286443.0000
288469.0000
290496.0000
292525.0000
294553.0000
296582.0000
298613.0000
300645.0000
302673.0000
304704.0000
306730.0000
308753.0000
310780.0000
312809.0000
314834.0000
316864.0000
318894.0000
320921.0000
322949.0000
324981.0000
327008.0000
329035.0000
331065.0000
333094.0000
335125.0000
337152.0000
339177.0000
341203.0000
343232.0000
345262.0000
347292.0000
349319.0000
351351.0000
353373.0000
355402.0000
357430.0000
359454.0000
361484.0000
363513.0000
365538.0000
367568.0000
369596.0000
371627.0000
373657.0000
375687.0000
377716.0000
379745.0000
381773.0000
383803.0000
385831.0000
387858.0000
389888.0000
391916.0000
393946.0000
395973.0000
397995.0000
400027.0000
402056.0000
404087.0000
406118.0000
408144.0000
410172.0000
412203.0000
414231.0000
416262.0000
418285.0000
420311.0000
422338.0000
424370.0000
426399.0000
428425.0000
430456.0000
432483.0000
434515.0000
436540.0000
438574.0000
440602.0000
442632.0000
444659.0000
446687.0000
448706.0000
450735.0000
452759.0000
454785.0000
456812.0000
458845.0000
460875.0000
462903.0000
464936.0000
466959.0000
468985.0000
471017.0000
473047.0000
475075.0000
477108.0000
479136.0000
481159.0000
483191.0000
485219.0000
487248.0000
489272.0000
491301.0000
493329.0000
495357.0000
497389.0000
499417.0000
501448.0000
503480.0000
505509.0000
507540.0000
509567.0000
511597.0000
513625.0000
515650.0000
517680.0000
519704.0000
521735.0000
523763.0000
525790.0000
527820.0000
529846.0000
531873.0000
533900.0000
535932.0000
537960.0000
539984.0000
542007.0000
544035.0000
546061.0000
548090.0000
550117.0000
552147.0000
554176.0000
556204.0000
558232.0000
560260.0000
562282.0000
564305.0000
566334.0000
568359.0000
570390.0000
572415.0000
574442.0000
576466.0000
578491.0000
580524.0000
582557.0000
584584.0000
586610.0000
588641.0000
590666.0000
592690.0000
594717.0000
596740.0000
598769.0000
600802.0000
602827.0000
604859.0000
606885.0000
608914.0000
610939.0000
612970.0000
614999.0000
617028.0000
619053.0000
621084.0000
623106.0000
625137.0000
627165.0000
629192.0000
631225.0000
633254.0000
635280.0000
637310.0000
639338.0000
641361.0000
643392.0000
645414.0000
647445.0000
649467.0000
651497.0000
653523.0000
655552.0000
657581.0000
659607.0000
661631.0000
663658.0000
665688.0000
667716.0000
669739.0000
671770.0000
673800.0000
675823.0000
677853.0000
679882.0000
681902.0000
683930.0000
685957.0000
687985.0000
690015.0000
692046.0000
694074.0000
696098.0000
698129.0000
700155.0000
702179.0000
704209.0000
706237.0000
708266.0000
710295.0000
712321.0000
714347.0000
716377.0000
718398.0000
720429.0000
722460.0000
724483.0000
726512.0000
728536.0000
730566.0000
732591.0000
734617.0000
736641.0000
738671.0000
740702.0000
742723.0000
744753.0000
746782.0000
748808.0000
750832.0000
752864.0000
754887.0000
756914.0000
758944.0000
760968.0000
762993.0000
765024.0000
767051.0000
769081.0000
771106.0000
773133.0000
775158.0000
777184.0000
779213.0000
781244.0000
783274.0000
785296.0000
787328.0000
789359.0000
791382.0000
793412.0000
795429.0000
797460.0000
799486.0000
801514.0000
803546.0000
805571.0000
807598.0000
809627.0000
811658.0000
813680.0000
815708.0000
817734.0000
819761.0000
821792.0000
823817.0000
825846.0000
827874.0000
829902.0000
831933.0000
833957.0000
835983.0000
838009.0000
840041.0000
842070.0000
844101.0000
846125.0000
848149.0000
850181.0000
852208.0000
854235.0000
856261.0000
858290.0000
860316.0000
862344.0000
864371.0000
866402.0000
868424.0000
870450.0000
872477.0000
874508.0000
876528.0000
878558.0000
880589.0000
882617.0000
884645.0000
886676.0000
888699.0000
890729.0000
892757.0000
894786.0000
896811.0000
898837.0000
900861.0000
902895.0000
904923.0000
906955.0000
908984.0000
911002.0000
913030.0000
915057.0000
917089.0000
919113.0000
921142.0000
923165.0000
925192.0000
927218.0000
929246.0000
931276.0000
933304.0000
935331.0000
937363.0000
939383.0000
941415.0000
943440.0000
945471.0000
947494.0000
949525.0000
951554.0000
953585.0000
955615.0000
957640.0000
959673.0000
961698.0000
963727.0000
965756.0000
967789.0000
969810.0000
971830.0000
973857.0000
975888.0000
977919.0000
979949.0000
981974.0000
984005.0000
986029.0000
988053.0000
990072.0000
992104.0000
994128.0000
996156.0000
998185.0000
1000215.0000
1002245.0000
1004272.0000
1006303.0000
1008330.0000
1010360.0000
1012388.0000
1014418.0000
1016443.0000
1018477.0000
1020503.0000
1022535.0000
1024563.0000
1026594.0000
1028625.0000
1030656.0000
1032681.0000
1034711.0000
1036742.0000
1038768.0000
1040799.0000
1042829.0000
1044858.0000
1046886.0000
1048911.0000
1050937.0000
1052966.0000
1054996.0000
1057016.0000
1059047.0000
1061072.0000
1063096.0000
1065126.0000
1067152.0000
1069181.0000
1071199.0000
1073223.0000
1075248.0000
1077272.0000
1079296.0000
1081325.0000
1083354.0000
1085385.0000
1087414.0000
1089444.0000
1091473.0000
1093493.0000
1095525.0000
1097555.0000
1099580.0000
1101602.0000
1103630.0000
1105650.0000
1107676.0000
1109699.0000
1111726.0000
1113753.0000
1115776.0000
1117802.0000
1119832.0000
1121862.0000
1123895.0000
1125921.0000
1127944.0000
1129964.0000
1131993.0000
1134017.0000
1136043.0000
1138073.0000
1140097.0000
1142122.0000
1144151.0000
1146178.0000
1148208.0000
1150236.0000
1152263.0000
1154289.0000
1156314.0000
1158342.0000
1160371.0000
1162396.0000
1164417.0000
1166442.0000
1168467.0000
1170497.0000
1172514.0000
1174540.0000
1176561.0000
1178593.0000
1180620.0000
1182652.0000
1184682.0000
1186705.0000
1188735.0000
1190760.0000
1192792.0000
1194816.0000
1196844.0000
1198877.0000
1200906.0000
1202930.0000
1204961.0000
1206986.0000
1209011.0000
1211043.0000
1213072.0000
1215102.0000
1217133.0000
1219159.0000
1221187.0000
1223207.0000
1225231.0000
1227261.0000
1229285.0000
1231317.0000
1233343.0000
1235368.0000
1237396.0000
1239417.0000
1241437.0000
1243468.0000
1245499.0000
1247522.0000
1249554.0000
1251586.0000
1253613.0000
1255635.0000
1257658.0000
1259683.0000
1261712.0000
1263742.0000
1265765.0000
1267786.0000
1269813.0000
1271838.0000
1273870.0000
1275890.0000
1277922.0000
1279948.0000
1281972.0000
1284004.0000
1286033.0000
1288057.0000
1290084.0000
1292113.0000
1294145.0000
1296172.0000
1298201.0000
1300228.0000
1302246.0000
1304274.0000
1306304.0000
1308333.0000
1310362.0000
1312391.0000
1314421.0000
1316441.0000
1318468.0000
1320496.0000
1322526.0000
1324554.0000
1326580.0000
1328606.0000
1330633.0000
1332665.0000
1334697.0000
1336725.0000
1338756.0000
1340770.0000
1342803.0000
1344834.0000
1346863.0000
1348892.0000
1350917.0000
1352947.0000
1354972.0000
1357003.0000
1359033.0000
1361058.0000
1363087.0000
1365118.0000
1367149.0000
1369179.0000
1371210.0000
1373236.0000
1375265.0000
1377280.0000
1379307.0000
1381333.0000
1383363.0000
1385387.0000
1387419.0000
1389448.0000
1391475.0000
1393505.0000
1395532.0000
1397556.0000
1399586.0000
1401618.0000
1403644.0000
1405674.0000
1407699.0000
1409727.0000
1411756.0000
1413787.0000
1415814.0000
1417845.0000
1419876.0000
1421906.0000
1423928.0000
1425958.0000
1427990.0000
1430022.0000
1432052.0000
1434077.0000
1436105.0000
1438132.0000
1440164.0000
1442191.0000
1444216.0000
1446246.0000
1448277.0000
1450310.0000
1452337.0000
1454365.0000
1456388.0000
1458409.0000
1460430.0000
1462452.0000
1464478.0000
1466509.0000
1468536.0000
1470567.0000
1472596.0000
1474623.0000
1476655.0000
1478683.0000
1480712.0000
1482740.0000
1484772.0000
1486797.0000
1488826.0000
1490850.0000
1492876.0000
1494901.0000
1496929.0000
1498961.0000
1500990.0000
1503016.0000
1505045.0000
1507075.0000
1509104.0000
1511136.0000
1513166.0000
1515195.0000
1517222.0000
1519250.0000
1521281.0000
1523308.0000
1525337.0000
1527366.0000
1529398.0000
1531420.0000
1533453.0000
1535477.0000
1537504.0000
1539534.0000
1541564.0000
1543586.0000
1545618.0000
1547643.0000
1549670.0000
1551700.0000
1553731.0000
1555757.0000
1557788.0000
1559815.0000
1561844.0000
1563874.0000
1565903.0000
1567928.0000
1569956.0000
1571981.0000
1574010.0000
1576041.0000
1578069.0000
1580098.0000
1582129.0000
1584157.0000
1586187.0000
1588215.0000
1590241.0000
1592269.0000
1594299.0000
1596331.0000
1598360.0000
1600391.0000
1602417.0000
1604447.0000
1606472.0000
1608498.0000
1610530.0000
1612554.0000
1614586.0000
1616614.0000
1618645.0000
1620676.0000
1622703.0000
1624734.0000
1626758.0000
1628788.0000
1630818.0000
1632847.0000
1634878.0000
1636910.0000
1638941.0000
1640971.0000
1643002.0000
1645033.0000
1647062.0000
1649087.0000
1651113.0000
1653144.0000
1655175.0000
1657192.0000
1659224.0000
1661256.0000
1663285.0000
1665314.0000
1667343.0000
1669373.0000
1671403.0000
1673431.0000
1675461.0000
1677483.0000
1679513.0000
1681541.0000
1683573.0000
1685600.0000
1687628.0000
1689657.0000
1691683.0000
1693708.0000
1695737.0000
1697767.0000
1699796.0000
1701824.0000
1703854.0000
1705880.0000
1707912.0000
1709944.0000
1711975.0000
1713998.0000
1716028.0000
1718056.0000
1720086.0000
1722117.0000
1724147.0000
1726176.0000
1728202.0000
1730233.0000
1732261.0000
1734286.0000
1736315.0000
1738343.0000
1740366.0000
1742396.0000
1744428.0000
1746460.0000
1748489.0000
1750518.0000
1752545.0000
1754577.0000
1756608.0000
1758639.0000
1760667.0000
1762697.0000
1764726.0000
1766757.0000
1768786.0000
1770811.0000
1772836.0000
1774865.0000
1776897.0000
1778927.0000
1780956.0000
1782985.0000
1785017.0000
1787048.0000
1789078.0000
1791111.0000
1793136.0000
1795165.0000
1797193.0000
1799222.0000
1801243.0000
1803274.0000
1805304.0000
1807332.0000
1809358.0000
1811388.0000
1813420.0000
1815449.0000
1817478.0000
1819505.0000
1821529.0000
1823559.0000
1825589.0000
1827610.0000
1829635.0000
1831665.0000
1833692.0000
1835723.0000
1837754.0000
1839782.0000
1841813.0000
1843841.0000
1845868.0000
1847897.0000
1849927.0000
1851957.0000
1853983.0000
1856015.0000
1858046.0000
1860071.0000
1862099.0000
1864130.0000
1866157.0000
1868183.0000
1870214.0000
1872245.0000
1874265.0000
1876295.0000
1878326.0000
1880356.0000
1882383.0000
1884410.0000
1886439.0000
1888470.0000
1890496.0000
1892528.0000
1894556.0000
1896585.0000
1898617.0000
1900648.0000
1902675.0000
1904706.0000
1906734.0000
1908764.0000
1910796.0000
1912818.0000
1914848.0000
1916878.0000
1918906.0000
1920933.0000
1922959.0000
1924991.0000
1927023.0000
1929052.0000
1931081.0000
1933111.0000
1935139.0000
1937168.0000
1939193.0000
1941221.0000
1943245.0000
1945278.0000
1947306.0000
1949332.0000
1951363.0000
1953395.0000
1955423.0000
1957452.0000
1959480.0000
1961510.0000
1963541.0000
1965573.0000
1967602.0000
1969637.0000
1971667.0000
1973697.0000
1975722.0000
1977750.0000
1979776.0000
1981807.0000
1983838.0000
1985860.0000
1987890.0000
1989912.0000
1991944.0000
1993971.0000
1995998.0000
1998028.0000
2000061.0000
