2182.0000
4377.0000
6548.0000
8795.0000
11037.0000
13054.0000
15294.0000
17302.0000
19324.0000
21336.0000
23352.0000
25366.0000
27389.0000
29413.0000
31434.0000
33454.0000
35471.0000
37477.0000
39488.0000
41511.0000
43536.0000
45555.0000
47579.0000
49608.0000
51633.0000
53657.0000
55687.0000
57718.0000
59741.0000
61770.0000
63797.0000
65828.0000
67857.0000
69881.0000
71905.0000
73928.0000
75955.0000
77978.0000
79986.0000
82016.0000
84042.0000
86065.0000
88091.0000
90119.0000
92141.0000
94170.0000
96196.0000
98222.0000
100251.0000
102275.0000
104304.0000
106329.0000
108356.0000
110378.0000
112409.0000
114438.0000
116467.0000
118493.0000
120513.0000
122537.0000
124566.0000
126595.0000
128618.0000
130650.0000
132677.0000
134701.0000
136734.0000
138762.0000
140791.0000
142816.0000
144842.0000
146870.0000
148896.0000
150924.0000
152948.0000
154978.0000
157006.0000
159032.0000
161062.0000
163089.0000
165115.0000
167142.0000
169169.0000
171195.0000
173224.0000
175247.0000
177278.0000
179306.0000
181338.0000
183363.0000
185391.0000
187416.0000
189447.0000
191470.0000
193495.0000
195525.0000
197554.0000
199583.0000
201608.0000
203634.0000
205659.0000
207681.0000
209707.0000
211736.0000
213761.0000
215783.0000
217815.0000
219843.0000
221868.0000
223896.0000
225924.0000
227951.0000
229976.0000
232003.0000
234033.0000
236056.0000
238086.0000
240118.0000
242147.0000
244174.0000
246204.0000
248234.0000
250261.0000
252286.0000
254312.0000
256336.0000
258367.0000
260395.0000
262418.0000
264449.0000
266475.0000
268506.0000
270536.0000
272560.0000
274591.0000
276615.0000
278643.0000
280676.0000
282702.0000
284730.0000
286757.0000
288783.0000
290814.0000
292846.0000
294878.0000
296904.0000
298924.0000
300949.0000
302972.0000
304999.0000
307024.0000
309052.0000
311083.0000
313109.0000
315139.0000
317170.0000
319197.0000
321226.0000
323253.0000
325280.0000
327304.0000
329336.0000
331366.0000
333395.0000
335421.0000
337449.0000
339480.0000
341504.0000
343528.0000
345557.0000
347578.0000
349608.0000
351632.0000
353661.0000
355684.0000
357712.0000
359739.0000
361771.0000
363797.0000
365819.0000
367848.0000
369877.0000
371904.0000
373936.0000
375963.0000
377995.0000
380024.0000
382055.0000
384084.0000
386112.0000
388138.0000
390169.0000
392199.0000
394229.0000
396255.0000
398279.0000
400309.0000
402337.0000
404367.0000
406395.0000
408425.0000
410444.0000
412467.0000
414492.0000
416517.0000
418543.0000
420566.0000
422597.0000
424618.0000
426646.0000
428677.0000
430708.0000
432731.0000
434754.0000
436780.0000
438806.0000
440835.0000
442855.0000
444885.0000
446899.0000
448924.0000
450945.0000
452976.0000
455003.0000
457030.0000
459057.0000
461084.0000
463112.0000
465138.0000
467160.0000
469190.0000
471221.0000
473252.0000
475283.0000
477308.0000
479336.0000
481361.0000
483388.0000
485414.0000
487444.0000
489476.0000
491507.0000
493533.0000
495564.0000
497586.0000
499616.0000
501646.0000
503667.0000
505695.0000
507727.0000
509753.0000
511785.0000
513817.0000
515842.0000
517869.0000
519901.0000
521927.0000
523957.0000
525982.0000
528006.0000
530038.0000
532067.0000
534095.0000
536122.0000
538152.0000
540180.0000
542206.0000
544234.0000
546256.0000
548286.0000
550316.0000
552343.0000
554368.0000
556397.0000
558428.0000
560456.0000
562485.0000
564516.0000
566540.0000
568572.0000
570605.0000
572629.0000
574655.0000
576680.0000
578709.0000
580733.0000
582759.0000
584785.0000
586812.0000
588841.0000
590869.0000
592893.0000
594920.0000
596948.0000
598976.0000
601007.0000
603033.0000
605069.0000
607098.0000
609126.0000
611155.0000
613183.0000
615208.0000
617235.0000
619267.0000
621297.0000
623327.0000
625357.0000
627385.0000
629406.0000
631438.0000
633469.0000
635496.0000
637524.0000
639549.0000
641578.0000
643607.0000
645638.0000
647663.0000
649692.0000
651717.0000
653746.0000
655776.0000
657803.0000
659834.0000
661863.0000
663888.0000
665917.0000
667946.0000
669976.0000
672007.0000
674034.0000
676063.0000
678093.0000
680122.0000
682148.0000
684181.0000
686208.0000
688237.0000
690267.0000
692294.0000
694325.0000
696351.0000
698379.0000
700408.0000
702438.0000
704467.0000
706496.0000
708518.0000
710546.0000
712578.0000
714608.0000
716640.0000
718669.0000
720693.0000
722726.0000
724756.0000
726787.0000
728805.0000
730829.0000
732859.0000
734894.0000
736926.0000
738952.0000
740980.0000
743006.0000
745033.0000
747066.0000
749095.0000
751126.0000
753149.0000
755168.0000
757199.0000
759228.0000
761256.0000
763291.0000
765321.0000
767349.0000
769379.0000
771409.0000
773434.0000
775461.0000
777487.0000
779518.0000
781544.0000
783572.0000
785604.0000
787632.0000
789657.0000
791684.0000
793712.0000
795740.0000
797772.0000
799795.0000
801820.0000
803852.0000
805882.0000
807903.0000
809936.0000
811960.0000
813990.0000
816018.0000
818047.0000
820078.0000
822104.0000
824132.0000
826162.0000
828187.0000
830216.0000
832244.0000
834271.0000
836300.0000
838330.0000
840356.0000
842385.0000
844413.0000
846444.0000
848473.0000
850499.0000
852529.0000
854553.0000
856576.0000
858601.0000
860630.0000
862661.0000
864689.0000
866719.0000
868749.0000
870780.0000
872812.0000
874841.0000
876863.0000
878893.0000
880924.0000
882947.0000
884970.0000
886997.0000
889027.0000
891053.0000
893081.0000
895108.0000
897134.0000
899163.0000
901188.0000
903212.0000
905240.0000
907267.0000
909295.0000
911321.0000
913345.0000
915373.0000
917400.0000
919425.0000
921452.0000
923480.0000
925506.0000
927533.0000
929560.0000
931589.0000
933610.0000
935638.0000
937665.0000
939697.0000
941720.0000
943742.0000
945770.0000
947799.0000
949831.0000
951860.0000
953886.0000
955911.0000
957940.0000
959967.0000
961994.0000
964025.0000
966053.0000
968077.0000
970103.0000
972131.0000
974160.0000
976184.0000
978211.0000
980236.0000
982265.0000
984291.0000
986320.0000
988347.0000
990378.0000
992398.0000
994429.0000
996447.0000
998478.0000
1000510.0000
1002539.0000
1004566.0000
1006593.0000
1008622.0000
1010651.0000
1012681.0000
1014705.0000
1016734.0000
1018762.0000
1020794.0000
1022825.0000
1024847.0000
1026873.0000
1028902.0000
1030934.0000
1032958.0000
1034992.0000
1037022.0000
1039048.0000
1041075.0000
1043101.0000
1045131.0000
1047159.0000
1049189.0000
1051214.0000
1053245.0000
1055273.0000
1057305.0000
1059330.0000
1061352.0000
1063379.0000
1065402.0000
1067427.0000
1069452.0000
1071483.0000
1073506.0000
1075532.0000
1077555.0000
1079579.0000
1081607.0000
1083636.0000
1085662.0000
1087693.0000
1089717.0000
1091748.0000
1093774.0000
1095798.0000
1097830.0000
1099855.0000
1101882.0000
1103908.0000
1105935.0000
1107962.0000
1109988.0000
1112016.0000
1114042.0000
1116062.0000
1118084.0000
1120113.0000
1122136.0000
1124163.0000
1126191.0000
1128217.0000
1130242.0000
1132267.0000
1134298.0000
1136326.0000
1138349.0000
1140376.0000
1142405.0000
1144434.0000
1146458.0000
1148484.0000
1150508.0000
1152537.0000
1154561.0000
1156588.0000
1158614.0000
1160642.0000
1162665.0000
1164691.0000
1166715.0000
1168744.0000
1170773.0000
1172795.0000
1174825.0000
1176854.0000
1178886.0000
1180916.0000
1182944.0000
1184967.0000
1186996.0000
1189021.0000
1191049.0000
1193078.0000
1195108.0000
1197136.0000
1199168.0000
1201195.0000
1203220.0000
1205247.0000
1207275.0000
1209308.0000
1211332.0000
1213358.0000
1215385.0000
1217409.0000
1219436.0000
1221468.0000
1223497.0000
1225523.0000
1227555.0000
1229583.0000
1231612.0000
1233638.0000
1235665.0000
1237697.0000
1239730.0000
1241760.0000
1243786.0000
1245818.0000
1247848.0000
1249875.0000
1251900.0000
1253931.0000
1255957.0000
1257987.0000
1260016.0000
1262045.0000
1264073.0000
1266098.0000
1268119.0000
1270142.0000
1272170.0000
1274201.0000
1276232.0000
1278259.0000
1280288.0000
1282314.0000
1284346.0000
1286378.0000
1288409.0000
1290437.0000
1292465.0000
1294489.0000
1296518.0000
1298540.0000
1300559.0000
1302590.0000
1304622.0000
1306649.0000
1308676.0000
1310703.0000
1312729.0000
1314760.0000
1316787.0000
1318811.0000
1320841.0000
1322871.0000
1324896.0000
1326923.0000
1328950.0000
1330980.0000
1333007.0000
1335032.0000
1337066.0000
1339090.0000
1341113.0000
1343142.0000
1345173.0000
1347201.0000
1349231.0000
1351258.0000
1353286.0000
1355316.0000
1357347.0000
1359376.0000
1361402.0000
1363426.0000
1365455.0000
1367483.0000
1369510.0000
1371538.0000
1373565.0000
1375589.0000
1377620.0000
1379636.0000
1381663.0000
1383687.0000
1385717.0000
1387749.0000
1389777.0000
1391805.0000
1393829.0000
1395859.0000
1397891.0000
1399910.0000
1401939.0000
1403971.0000
1405997.0000
1408028.0000
1410059.0000
1412090.0000
1414115.0000
1416147.0000
1418178.0000
1420211.0000
1422237.0000
1424266.0000
1426294.0000
1428317.0000
1430350.0000
1432383.0000
1434407.0000
1436432.0000
1438460.0000
1440488.0000
1442516.0000
1444542.0000
1446573.0000
1448605.0000
1450630.0000
1452657.0000
1454685.0000
1456714.0000
1458742.0000
1460773.0000
1462804.0000
1464834.0000
1466860.0000
1468880.0000
1470910.0000
1472941.0000
1474972.0000
1477000.0000
1479029.0000
1481060.0000
1483089.0000
1485115.0000
1487141.0000
1489170.0000
1491198.0000
1493219.0000
1495248.0000
1497280.0000
1499309.0000
1501340.0000
1503359.0000
1505391.0000
1507416.0000
1509445.0000
1511475.0000
1513496.0000
1515522.0000
1517551.0000
1519581.0000
1521610.0000
1523636.0000
1525662.0000
1527693.0000
1529721.0000
1531748.0000
1533772.0000
1535800.0000
1537830.0000
1539854.0000
1541877.0000
1543906.0000
1545924.0000
1547948.0000
1549977.0000
1552008.0000
1554038.0000
1556068.0000
1558098.0000
1560130.0000
1562154.0000
1564187.0000
1566215.0000
1568242.0000
1570272.0000
1572305.0000
1574330.0000
1576360.0000
1578391.0000
1580419.0000
1582448.0000
1584475.0000
1586506.0000
1588536.0000
1590554.0000
1592588.0000
1594620.0000
1596638.0000
1598668.0000
1600697.0000
1602721.0000
1604753.0000
1606783.0000
1608810.0000
1610836.0000
1612864.0000
1614897.0000
1616927.0000
1618957.0000
1620988.0000
1623015.0000
1625041.0000
1627068.0000
1629098.0000
1631126.0000
1633153.0000
1635180.0000
1637211.0000
1639235.0000
1641263.0000
1643295.0000
1645324.0000
1647353.0000
1649380.0000
1651409.0000
1653433.0000
1655465.0000
1657493.0000
1659524.0000
1661553.0000
1663582.0000
1665609.0000
1667639.0000
1669668.0000
1671687.0000
1673718.0000
1675747.0000
1677774.0000
1679804.0000
1681824.0000
1683854.0000
1685881.0000
1687904.0000
1689936.0000
1691966.0000
1693994.0000
1696020.0000
1698047.0000
1700076.0000
1702108.0000
1704135.0000
1706166.0000
1708196.0000
1710226.0000
1712255.0000
1714286.0000
1716315.0000
1718339.0000
1720372.0000
1722395.0000
1724422.0000
1726453.0000
1728484.0000
1730512.0000
1732542.0000
1734575.0000
1736601.0000
1738633.0000
1740665.0000
1742699.0000
1744726.0000
1746757.0000
1748785.0000
1750817.0000
1752848.0000
1754876.0000
1756902.0000
1758934.0000
1760962.0000
1762992.0000
1765023.0000
1767054.0000
1769083.0000
1771106.0000
1773132.0000
1775163.0000
1777189.0000
1779222.0000
1781247.0000
1783272.0000
1785297.0000
1787329.0000
1789361.0000
1791391.0000
1793418.0000
1795445.0000
1797475.0000
1799506.0000
1801533.0000
1803555.0000
1805587.0000
1807615.0000
1809641.0000
1811674.0000
1813702.0000
1815732.0000
1817761.0000
1819792.0000
1821821.0000
1823849.0000
1825879.0000
1827914.0000
1829936.0000
1831965.0000
1833997.0000
1836025.0000
1838053.0000
1840084.0000
1842111.0000
1844140.0000
1846172.0000
1848204.0000
1850234.0000
1852263.0000
1854288.0000
1856316.0000
1858343.0000
1860370.0000
1862396.0000
1864427.0000
1866458.0000
1868484.0000
1870514.0000
1872545.0000
1874571.0000
1876601.0000
1878630.0000
1880660.0000
1882691.0000
1884721.0000
1886749.0000
1888777.0000
1890794.0000
1892826.0000
1894850.0000
1896875.0000
1898903.0000
1900933.0000
1902960.0000
1904993.0000
1907015.0000
1909045.0000
1911071.0000
1913101.0000
1915125.0000
1917153.0000
1919183.0000
1921211.0000
1923241.0000
1925274.0000
1927299.0000
1929325.0000
1931349.0000
1933379.0000
1935408.0000
1937438.0000
1939469.0000
1941493.0000
1943520.0000
1945549.0000
1947579.0000
1949605.0000
1951636.0000
1953662.0000
1955690.0000
1957720.0000
1959751.0000
1961780.0000
1963807.0000
1965840.0000
1967868.0000
1969899.0000
1971925.0000
1973954.0000
1975980.0000
1978011.0000
1980040.0000
1982070.0000
1984097.0000
1986121.0000
1988152.0000
1990177.0000
1992206.0000
1994235.0000
1996263.0000
1998287.0000
